0
0
0
0
0
0
0
0
0
0
0
0
0
0
0
0
0
0
0
0
0
0
0
0
0
0
0
0
0
0
0
0
0
0
0
0
-0
-0
-0
-0
-0
-0
-0
-0
-0
-0
-0
-0
-0
-0
-0
-0
-0
-0
-0
-0
-0
-0
-0
-0
-0
-0
-0
-0
-0
-0
-0
-0
-0
-0
-0
-0
-0
-0
-0
-0
-0
-0
-0
-0
-0
-0
-0
-0
-0
-0
-0
-0
-0
-0
-0
-0
-0
-0
-0
-0
-0
-0
-0
-0
-0
-0
-0
-0
-0
-0
-0
-0
-0
-0
-0
-0
-0
-0
-0
-0
-0
-0
-0
-0
-0
-0
-0
-0
-0
-0
-0
-0
-0
-0
-0
-0
-0
-0
-0
-0
-0
-0
-0
-0
-0
-0
-0
-0
-0
-0
-0
-0
-0
-0
-0
-0
-0
-0
-0
-0
-0
-0
-0
-0
-0
-0
-0
-0
-0
-0
-0
-0
-0
-0
-0
-0
-0
-0
-0
-0
-0
-0
-0
-0
-0
-0
-0
-0
-0
-0
-0
-0
-0
-0
-0
-0
-0
-0
-0
-0
-0
-0
-0
-0
-0
-0
-0
-0
-0
-0
-0
-0
-0
-0
-0
-0
-0
-0
-0
-0
-0
-0
-0
-0
-0
-0
-0
-0
-0
-0
-0
-0
-0
-0
-0
-0
-0
-0
-0
-0
-0
-0
-0
-0
-0
-0
-0
-0
-0
-0
-0
-0
-0
-0
-0
-0
-0
-0
-0
-0
-0
-0
0
0
0
0
0
0
0
0
0
0
0
0
0
0
0
0
0
0
0
0
0
0
0
0
0
0
0
0
0
0
0
0
0
0
0
0
0
0
0
0
0
0
0
0
0
0
0
0
0
0
0
0
0
0
0
0
0
0
0
0
0
0
0
0
0
0
0
0
0
0
0
0
0
-0
-0
-0
-0
-0
-0
-0
-0
-0
-0
-0
-0
-0
-0
-0
-0
-0
-0
-0
-0
-0
-0
-0
-0
-0
-0
-0
-0
-0
-0
-0
-0
-0
-0
-0
-0
-0
-0
-0
-0
-0
-0
-0
-0
-0
-0
-0
-0.00187806
-0.00814677
-0.0161892
-0.0233553
-0.0271852
-0.0254743
-0.0163322
0.00176621
0.0299381
0.0688624
0.118763
0.179404
0.250104
0.32976
0.416885
0.509655
0.605965
0.703489
0.799747
0.892178
0.978212
1.05535
1.12124
1.17373
1.21099
1.23149
1.23412
1.21818
1.1834
1.13
1.05858
0.970185
0.866211
0.748366
0.618618
0.479132
0.33222
0.180291
0.0258023
-0.128788
-0.281072
-0.428753
-0.569705
-0.702027
-0.824095
-0.934583
-1.03247
-1.11703
-1.1878
-1.24454
-1.28725
-1.31613
-1.33167
-1.33461
-1.326
-1.30719
-1.27976
-1.24547
-1.20614
-1.16353
-1.11925
-1.07473
-1.03118
-0.989664
-0.951139
-0.916503
-0.88662
-0.862308
-0.844287
-0.833118
-0.82916
-0.83255
-0.843243
-0.861084
-0.885902
-0.917592
-0.956154
-1.00167
-1.05426
-1.11394
-1.18053
-1.25363
-1.33254
-1.41639
-1.50416
-1.59489
-1.68772
-1.78196
-1.87713
-1.97284
-2.06879
-2.16464
-2.25997
-2.35433
-2.4472
-2.53813
-2.62672
-2.7127
-2.79587
-2.87606
-2.9536
-3.02905
-3.10197
-3.17168
-3.2374
-3.29824
-3.35339
-3.40213
-3.44391
-3.47838
-3.5053
-3.52453
-3.53593
-3.53936
-3.53462
-3.52148
-3.4997
-3.46905
-3.42934
-3.38042
-3.32212
-3.25424
-3.17653
-3.08863
-2.9901
-2.88045
-2.75921
-2.62598
-2.48046
-2.32255
-2.1523
-1.96993
-1.77578
-1.57029
-1.35396
-1.1273
-0.890879
-0.645246
-0.39099
-0.128707
0.140998
0.417534
0.700344
0.988916
1.2828
1.58158
1.88487
2.19227
2.50331
2.81743
3.13391
3.4519
3.77039
4.08824
4.40419
4.71689
5.02496
5.32698
5.62156
5.90734
6.18302
6.44738
6.69931
6.93783
7.16209
7.37137
7.56505
7.74265
7.90372
8.04786
8.17466
8.28368
8.37441
8.44628
8.49865
8.5308
8.542
8.53148
8.49849
8.44234
8.36243
8.2583
8.12964
7.97634
7.79854
7.59658
7.37107
7.12281
6.85285
6.56242
6.25287
5.92568
5.5824
5.22459
4.85383
4.47167
4.0796
3.67906
3.27143
2.85802
2.4401
2.01888
1.59555
1.1713
0.747332
0.324876
-0.094758
-0.510178
-0.91988
-1.32224
-1.71549
-2.09774
-2.46697
-2.82106
-3.1578
-3.47497
-3.77034
-4.04178
-4.28726
-4.50496
-4.6933
-4.85103
-4.97722
-5.07133
-5.13323
-5.1632
-5.16194
-5.13051
-5.07036
-4.98326
-4.87126
-4.73663
-4.58183
-4.40947
-4.2222
-4.02274
-3.81376
-3.59791
-3.37771
-3.15557
-2.93375
-2.71431
-2.49913
-2.28985
-2.08792
-1.89454
-1.7107
-1.53714
-1.37443
-1.2229
-1.08272
-0.953876
-0.836219
-0.729455
-0.633182
-0.546907
-0.470061
-0.402026
-0.342145
-0.289742
-0.244139
-0.204666
-0.170677
-0.141555
-0.116727
-0.0956607
-0.077873
-0.0629298
-0.0504446
-0.0400764
-0.0315258
-0.0245307
-0.018862
-0.0143188
-0.0107244
-0.00792277
-0.00577591
-0.00416187
-0.00297344
-0.00211724
-0.00151328
-0.00109449
-0.000806251
-0.000605722
-0.000460872
-0.000349244
-0.000256469
-0.000174614
-0.000100486
-3.40064e-05
2.32466e-05
6.92187e-05
0.000102252
0.000121621
0.000127763
0.000122235
0.000107486
8.65058e-05
6.24388e-05
3.8215e-05
1.62617e-05
-1.68476e-06
-1.46543e-05
-2.24135e-05
-2.5353e-05
-2.43157e-05
-2.04088e-05
-1.48318e-05
-8.70479e-06
-2.94823e-06
1.78726e-06
5.14081e-06
7.01937e-06
7.5458e-06
6.99039e-06
5.69885e-06
4.0274e-06
2.29214e-06
7.36295e-07
-4.84277e-07
-1.29992e-06
-1.71423e-06
-1.78425e-06
-1.5982e-06
-1.25481e-06
-8.46561e-07
-4.48418e-07
-1.12171e-07
1.34321e-07
2.84193e-07
3.46399e-07
3.39716e-07
2.8705e-07
2.10805e-07
1.29732e-07
5.72726e-08
1.22421e-09
-3.56314e-08
-5.4328e-08
-5.83071e-08
-5.20899e-08
-4.0214e-08
-2.65187e-08
-1.37799e-08
-3.63831e-09
3.26451e-09
7.03604e-09
8.2473e-09
7.67225e-09
6.08664e-09
4.13918e-09
2.29092e-09
8.08777e-10
-2.05628e-10
-7.69645e-10
-9.70395e-10
-9.22357e-10
-7.36638e-10
-5.02879e-10
-2.82141e-10
-1.07729e-10
9.31588e-12
7.29402e-11
9.5057e-11
8.99853e-11
7.07787e-11
4.73471e-11
2.59735e-11
9.72779e-12
-6.87434e-13
-6.00755e-12
-7.6113e-12
-6.9571e-12
-5.25923e-12
-3.36079e-12
-1.73976e-12
-5.86141e-13
9.84849e-14
4.09893e-13
4.7363e-13
4.03927e-13
2.85122e-13
1.68651e-13
7.86674e-14
2.07905e-14
-9.50201e-15
-2.0526e-14
-2.04833e-14
-1.56315e-14
-9.87627e-15
-5.13652e-15
-1.98658e-15
-2.72352e-16
4.34494e-16
5.6864e-16
4.5394e-16
2.82769e-16
1.42634e-16
5.58244e-17
1.36603e-17
-1.12767e-18
-3.29572e-18
-1.77538e-18
-4.11808e-19
-1.58556e-21
-0
-0
-0
0
0
0
0
0
0
0
-0
-0
-0
-0
-0
-0
-0
0
0
0
0
0
0
0
0
-0
-0
-0
-0
-0
-0
-0
0
0
0
0
0
0
0
-0
-0
-0
-0
-0
-0
-0
0
0
0
0
0
0
-0
-0
-0
-0
-0
-0
-0
0
0
0
0
0
0
-0
-0
-0
-0
-0
-0
-0
0
0
0
0
0
0
-0
-0
-0
-0
-0
-0
0
0
0
0
0
0
-0
-0
-0
-0
-0
-0
0
0
0
0
0
0
-0
-0
-0
-0
-0
-0
0
0
0
0
0
-0
-0
-0
-0
-0
0
0
0
0
0
-0
-0
-0
-0
-0
0
0
0
0
0
-0
-0
-0
-0
-0
0
0
0
0
-0
-0
-0
-0
0
0
0
0
-0
-0
-0
-0
0
0
0
0
-0
-0
-0
0
0
0
-0
-0
-0
0
0
0
-0
-0
0
0
-0
-0
0
0
-0
0
-0
0
-0
0
-0
0
-0
0
-0
0
0
0
0
0
0
0
0
0
0
0
0
0
0
0
0
0
0
0
0
0
0
0
0
0
0
0
0
