-0
-0
-0
-0
-0
-0
-0
-0
-0
-0
-0
0
0
0
0
0
0
0
0
0
0
0
0
0
0
0
0
0
0
0
0
0
0
0
0
0
0
0
0
0
0
0
0
0
0
0
0
0
0
0
0
0
0
0
0
0
0
0
0
0
0
0
0
0
0
0
0
0
0
0
0
0
0
0
0
0
0
0
0
0
0
0
0
0
0
0
0
0
0
0
0
0
0
0
0
0
0
0
0
0
0
0
0
0
0
0
0
0
0
0
0
0
0
0
0
0
0
0
0
0
0
0
0
0
0
0
0
0
0
0
0
0
0
0
0
0
0
0
0
0
0
0
0
0
0
0
0
0
0
0
0
0
0
0
0
0
0
0
0
0
0
0
0
0
0
0
0
0
0
0
0
0
0
0
0
0
0
0
0
0
0
0
0
0
0
0
0
0
0
0
0
0
0
0
0
0
0
0
0
0
0
0
0
0
0
0
0
0
0
0
0
0
0
0
0
0
0
0
0
0
0
0
0
0
0
0
0
0
0
0
0
0
0
0
0
0
0
0
0
0
0
0
0
0
-0
-0
-0
-0
-0
-0
-0
-0
-0
-0
-0
-0
-0
-0
-0
-0
-0
-0
-0
-0
-0
-0
-0
-0
-0
-0
-0
-0
-0
-0
-0
-0
-0
-0
-0
-0
-0
-0
-0
-0
-0
-0
-0
-0
-0
-0
-0
-0
-0
-0
-0
-0
-0
-0
-0
-0
-0
-0
-0
-0
-0
-0
-0
-0
-0
-0
-0
-0
-0
-0
0
0
0
0
0
0
0
0
0
0
0
0
0
0
0
0
0
0
0
0
0
0
0
0
0
0
0
0
0
0
0
0
0
0
0
0
0
0
0
0
0
0
0
0
0
0
0
0
0
0
0.000163388
0.000913113
0.00187754
0.00268954
0.00306204
0.0027837
0.00171244
-0.000232808
-0.00308135
-0.00681978
-0.0113998
-0.0167449
-0.0227547
-0.0293106
-0.0362807
-0.0435268
-0.0509123
-0.0583101
-0.0656093
-0.0727185
-0.079565
-0.0860917
-0.0922516
-0.098004
-0.103313
-0.108148
-0.112492
-0.116344
-0.119723
-0.122666
-0.125224
-0.127448
-0.129377
-0.131035
-0.132422
-0.133526
-0.134327
-0.134817
-0.135003
-0.134918
-0.134609
-0.13413
-0.133522
-0.132801
-0.131949
-0.130918
-0.12964
-0.128048
-0.126093
-0.123759
-0.121066
-0.118064
-0.11482
-0.111402
-0.10786
-0.104225
-0.10051
-0.0967136
-0.0928418
-0.0889142
-0.0849736
-0.0810846
-0.0773274
-0.0737879
-0.0705481
-0.0676818
-0.0652558
-0.0633363
-0.0619975
-0.0613286
-0.0614344
-0.0624301
-0.0644299
-0.0675327
-0.0718102
-0.0773012
-0.0840132
-0.0919334
-0.101044
-0.111336
-0.122826
-0.135552
-0.149575
-0.164961
-0.181766
-0.200018
-0.219705
-0.240771
-0.263118
-0.286617
-0.31112
-0.336476
-0.362538
-0.389171
-0.416255
-0.443676
-0.471326
-0.499093
-0.526857
-0.554484
-0.581898
-0.609152
-0.636109
-0.662602
-0.688443
-0.713431
-0.737353
-0.759997
-0.781152
-0.800626
-0.818244
-0.833851
-0.847316
-0.858518
-0.867342
-0.873668
-0.87736
-0.878261
-0.876191
-0.870949
-0.862324
-0.850102
-0.834082
-0.814084
-0.789961
-0.761601
-0.728927
-0.691896
-0.650487
-0.604696
-0.554524
-0.499968
-0.441019
-0.377657
-0.309854
-0.237577
-0.160802
-0.0795192
0.00625557
0.0964697
0.191028
0.289791
0.392574
0.49915
0.609266
0.722644
0.838999
0.958046
1.07951
1.20312
1.32862
1.45576
1.58429
1.71392
1.84435
1.97526
2.10627
2.23695
2.36684
2.49546
2.62229
2.74681
2.8685
2.98687
3.10145
3.21179
3.3175
3.41818
3.51348
3.60304
3.68651
3.76351
3.83367
3.89658
3.95182
3.99895
4.03756
4.06722
4.08756
4.09824
4.09898
4.08957
4.06986
4.03977
3.99928
3.9484
3.8872
3.81576
3.73417
3.64253
3.54095
3.42952
3.30836
3.17762
3.03748
2.88815
2.72995
2.56324
2.38847
2.20618
2.01698
1.82154
1.62061
1.41495
1.20534
0.992567
0.777418
0.560647
0.342985
0.125146
-0.0921761
-0.30829
-0.5225
-0.734088
-0.942309
-1.14638
-1.34547
-1.53873
-1.72526
-1.90417
-2.07456
-2.23555
-2.38634
-2.52618
-2.6544
-2.77045
-2.8739
-2.9644
-3.04175
-3.10582
-3.15658
-3.19406
-3.21836
-3.22962
-3.22798
-3.21362
-3.18675
-3.14758
-3.09635
-3.03338
-2.959
-2.87366
-2.77791
-2.67239
-2.55788
-2.43532
-2.30574
-2.17035
-2.03042
-1.88736
-1.7426
-1.59764
-1.45394
-1.31293
-1.17598
-1.04431
-0.919036
-0.801078
-0.691185
-0.589911
-0.497611
-0.414445
-0.340392
-0.275261
-0.218712
-0.170283
-0.129411
-0.0954592
-0.0677456
-0.045563
-0.0282034
-0.0149767
-0.00522656
0.00165716
0.00622945
0.0089844
0.0103525
0.0107008
0.0103348
0.00950245
0.00839936
0.00717469
0.00593753
0.00476333
0.0037001
0.00277423
0.00199566
0.00136248
0.000864699
0.000487397
0.000213178
2.40108e-05
-9.74647e-05
-0.000167073
-0.000198609
-0.000203629
-0.000191443
-0.000169263
-0.000142432
-0.000114702
-8.8531e-05
-6.53602e-05
-4.58739e-05
-3.02195e-05
-1.81911e-05
-9.37381e-06
-3.25239e-06
7.11115e-07
3.0262e-06
4.14352e-06
4.44027e-06
4.21686e-06
3.70105e-06
3.05653e-06
2.39364e-06
1.7805e-06
1.25351e-06
8.26616e-07
4.98896e-07
2.60569e-07
9.74308e-08
-6.05205e-09
-6.47445e-08
-9.17041e-08
-9.76353e-08
-9.08593e-08
-7.74995e-08
-6.17711e-08
-4.63481e-08
-3.27335e-08
-2.15964e-08
-1.30546e-08
-6.89633e-09
-2.74381e-09
-1.65186e-10
1.25516e-09
1.87808e-09
1.99361e-09
1.81967e-09
1.50933e-09
1.16219e-09
8.36804e-10
5.62343e-10
3.48452e-10
1.92987e-10
8.76665e-11
2.18975e-11
-1.48593e-11
-3.18129e-11
-3.6314e-11
-3.38025e-11
-2.80178e-11
-2.13253e-11
-1.50655e-11
-9.86967e-12
-5.91804e-12
-3.13415e-12
-1.31988e-12
-2.41823e-13
3.1952e-13
5.46253e-13
5.76274e-13
5.0591e-13
3.97066e-13
2.85676e-13
1.89644e-13
1.15387e-13
6.27534e-14
2.84155e-14
8.00099e-15
-2.7049e-15
-7.19901e-15
-8.09752e-15
-7.19218e-15
-5.6045e-15
-3.96365e-15
-2.56822e-15
-1.51501e-15
-7.91722e-16
-3.37895e-16
-8.10391e-17
4.47075e-17
9.11116e-17
9.47951e-17
7.93224e-17
5.8371e-17
3.88589e-17
2.35149e-17
1.27543e-17
5.91491e-18
1.99151e-18
1.69031e-20
-7.80319e-19
-9.44236e-19
-8.20599e-19
-6.06475e-19
-3.99433e-19
-2.37208e-19
-1.25772e-19
-5.71106e-20
-1.92521e-20
-1.11657e-21
5.72318e-21
6.88967e-21
5.72747e-21
3.99092e-21
2.45095e-21
1.34099e-21
6.44171e-22
2.56791e-22
6.83918e-23
-7.48835e-24
-2.79394e-23
-2.58432e-23
-1.76209e-23
-1.00195e-23
-4.88311e-24
-2.0187e-24
-6.7351e-25
-1.56425e-25
-1.01922e-26
8.34147e-27
1.91403e-27
0
0
0
0
0
0
0
-0
-0
-0
-0
-0
-0
-0
-0
-0
0
0
0
0
0
0
0
0
-0
-0
-0
-0
-0
-0
-0
-0
0
0
0
0
0
0
0
0
-0
-0
-0
-0
-0
-0
-0
-0
0
0
0
0
0
0
0
-0
-0
-0
-0
-0
-0
-0
0
0
0
0
0
0
-0
-0
-0
-0
-0
-0
-0
0
0
0
0
0
0
-0
-0
-0
-0
-0
0
0
0
0
0
0
-0
-0
-0
-0
-0
0
0
0
0
0
0
-0
-0
-0
-0
-0
0
0
0
0
0
-0
-0
-0
-0
0
0
0
0
0
-0
-0
-0
-0
0
0
0
0
0
-0
-0
-0
-0
0
0
0
0
-0
-0
-0
-0
0
0
0
-0
-0
-0
-0
0
0
0
-0
-0
-0
0
0
0
-0
-0
-0
0
0
0
-0
-0
0
0
-0
-0
0
0
-0
-0
0
-0
0
-0
0
-0
0
-0
0
0
0
0
0
0
0
0
0
0
0
0
0
0
0
0
0
0
0
0
0
0
0
0
0
0
0
0
0
0
