-0.112567
-0.114699
-0.117097
-0.120226
-0.124477
-0.130107
-0.137187
-0.145565
-0.154853
-0.16445
-0.173581
-0.181369
-0.186921
-0.18942
-0.188224
-0.182942
-0.173493
-0.160134
-0.143453
-0.124322
-0.103824
-0.0831544
-0.0634999
-0.0459243
-0.0312576
-0.0200079
-0.0123042
-0.00787517
-0.00606827
-0.00590466
-0.0061667
-0.0055076
-0.00257293
0.00387841
0.0148651
0.0310964
0.0529144
0.0802703
0.112735
0.149544
0.189663
0.231882
0.274916
0.317505
0.358515
0.397026
0.432394
0.464305
0.492797
0.518264
0.541438
0.563351
0.585282
0.608684
0.635109
0.666113
0.703166
0.747555
0.80029
0.86203
0.933013
1.01301
1.10133
1.19682
1.29794
1.40284
1.50951
1.61594
1.72026
1.82094
1.91696
2.00789
2.09401
2.17634
2.25655
2.33688
2.41996
2.50858
2.60542
2.71295
2.83394
2.96957
3.11994
3.28415
3.4603
3.64562
3.83668
4.02965
4.2206
4.40587
4.5824
4.74798
4.9015
5.04307
5.174
5.29675
5.41465
5.53164
5.65188
5.77933
5.91736
6.06835
6.23348
6.41246
6.60356
6.80366
7.00847
7.21288
7.41136
7.59846
7.76925
7.91978
8.04741
8.15108
8.23134
8.29039
8.33178
8.36013
8.38065
8.39866
8.41908
8.4459
8.48181
8.5279
8.58352
8.6463
8.71234
8.77655
8.83308
8.87589
8.89925
8.89832
8.86962
8.81132
8.72349
8.6081
8.46887
8.31099
8.14063
7.96448
7.78911
7.62043
7.46322
7.32066
7.19418
7.08329
6.98574
6.89773
6.81438
6.73021
6.63971
6.53792
6.421
6.28661
6.13423
5.96531
5.78321
5.59297
5.40098
5.21446
5.0409
4.88748
4.76051
4.66494
4.60404
4.57913
4.58961
4.63308
4.70564
4.80233
4.91762
5.04603
5.18265
5.32364
5.46663
5.61096
5.7578
5.91006
6.07212
6.24949
6.44833
6.67485
6.93482
7.23299
7.57268
7.95546
8.38097
8.84689
9.34913
9.8821
10.4391
11.013
11.5963
12.1823
12.7651
13.3401
13.9042
14.4562
14.996
15.5254
16.0469
16.5637
17.0791
17.5962
18.1169
18.6421
19.171
19.7012
20.2284
20.7468
21.2491
21.7272
22.1722
22.5752
22.928
23.2229
23.4537
23.6156
23.7055
23.7218
23.6648
23.5357
23.3368
23.0709
22.7408
22.349
21.8973
21.3864
20.8157
20.1832
19.4859
18.7193
17.8785
16.9577
15.9513
14.8541
13.6617
12.3708
10.9799
9.48877
7.89934
6.21516
4.4414
2.5846
0.652313
-1.34727
-3.40573
-5.51481
-7.66677
-9.85468
-12.0726
-14.3157
-16.5803
-18.8634
-21.163
-23.4773
-25.8048
-28.1435
-30.491
-32.8436
-35.1967
-37.544
-39.8779
-42.1892
-44.4677
-46.7017
-48.8789
-50.9865
-53.0117
-54.9421
-56.7658
-58.4721
-60.0518
-61.4968
-62.8007
-63.9588
-64.9677
-65.8251
-66.5299
-67.0816
-67.4801
-67.7253
-67.817
-67.7544
-67.5363
-67.1606
-66.6246
-65.9252
-65.0588
-64.0214
-62.8097
-61.4203
-59.851
-58.1008
-56.1699
-54.0605
-51.7765
-49.3239
-46.7108
-43.947
-41.0442
-38.0157
-34.876
-31.6404
-28.3249
-24.9457
-21.5188
-18.0597
-14.5833
-11.1037
-7.63379
-4.18558
-0.770035
2.60276
5.92346
9.18325
12.3736
15.486
18.5119
21.4422
24.2673
26.9769
29.5601
32.005
34.2995
36.4307
38.3856
40.1515
41.7157
43.0667
44.1939
45.0883
45.7428
46.1526
46.3153
46.2313
45.9037
45.3388
44.5457
43.5361
42.3246
40.9282
39.3658
37.6584
35.8278
33.8973
31.8902
29.8301
27.7401
25.6425
23.5585
21.5079
19.5085
17.5762
15.725
13.9665
12.3098
10.7622
9.32852
8.01145
6.81184
5.72872
4.75952
3.90033
3.14604
2.49065
1.92744
1.44918
1.04834
0.717277
0.448376
0.234202
0.0676133
-0.0581444
-0.149365
-0.211832
-0.250783
-0.270896
-0.27629
-0.270538
-0.256689
-0.237302
-0.214482
-0.189923
-0.164954
-0.140583
-0.117539
-0.096322
-0.0772353
-0.0604283
-0.0459277
-0.0336676
-0.0235153
-0.0152932
-0.00879644
-0.00380792
-0.000109624
0.00250881
0.00424387
0.00527414
0.00575793
0.00583232
0.00561329
0.00519668
0.00465966
0.00406262
0.00345126
0.00285866
0.00230741
0.00181158
0.00137848
0.00101029
0.000705437
0.00045976
0.000267444
0.000121799
1.58346e-05
-5.731e-05
-0.000104066
-0.000130245
-0.000140931
-0.000140445
-0.000132354
-0.000119518
-0.000104153
-8.7918e-05
-7.1996e-05
-5.71781e-05
-4.39436e-05
-3.25308e-05
-2.29998e-05
-1.52851e-05
-9.23899e-06
-4.66599e-06
-1.34895e-06
9.31575e-07
2.384e-06
3.19725e-06
3.53602e-06
3.53902e-06
3.31921e-06
2.96552e-06
2.54537e-06
2.10772e-06
1.68615e-06
1.30193e-06
9.66806e-07
6.85428e-07
4.5745e-07
2.79228e-07
1.45158e-07
4.87001e-08
-1.68864e-08
-5.80403e-08
-8.05827e-08
-8.95487e-08
-8.91259e-08
-8.26694e-08
-7.27666e-08
-6.13295e-08
-4.97012e-08
-3.8763e-08
-2.90285e-08
-2.07507e-08
-1.39976e-08
-8.70481e-09
-4.72625e-09
-1.87344e-09
5.59987e-11
1.25876e-09
1.91362e-09
2.17474e-09
2.16917e-09
1.99726e-09
1.73483e-09
1.43644e-09
1.13905e-09
8.65691e-10
6.28834e-10
4.33368e-10
2.79045e-10
1.62431e-10
7.83725e-11
2.10659e-11
-1.52335e-11
-3.57675e-11
-4.50406e-11
-4.67344e-11
-4.3721e-11
-3.81386e-11
-3.14981e-11
-2.4801e-11
-1.86545e-11
-1.33753e-11
-9.07693e-12
-5.74114e-12
-3.27184e-12
-1.53481e-12
-3.84941e-13
3.16438e-13
6.91739e-13
8.42671e-13
8.49452e-13
7.72287e-13
6.54062e-13
5.23531e-13
3.98498e-13
2.88709e-13
1.98304e-13
1.2778e-13
7.54805e-14
3.86712e-14
1.42649e-14
-7.23597e-16
-8.9257e-15
-1.25089e-14
-1.31598e-14
-1.21225e-14
-1.02647e-14
-8.15356e-15
-6.12956e-15
-4.37097e-15
-2.9473e-15
-1.86045e-15
-1.07484e-15
-5.38121e-16
-1.94466e-16
7.71055e-18
1.11983e-16
1.52725e-16
1.5548e-16
1.38148e-16
1.12495e-16
8.56578e-17
6.14945e-17
4.16772e-17
2.65347e-17
1.56566e-17
8.29954e-18
3.64117e-18
9.21711e-19
-4.90216e-19
-1.07979e-18
-1.19542e-18
-1.07124e-18
-8.53317e-19
-6.2454e-19
-4.25553e-19
-2.7087e-19
-1.60443e-19
-8.73603e-20
-4.2553e-20
-1.73683e-20
-4.72275e-21
5.98601e-22
2.10027e-21
1.92784e-21
1.25543e-21
6.27568e-22
2.23075e-22
3.81836e-23
0
0
0
0
0
0
-0
-0
-0
-0
-0
-0
-0
-0
-0
-0
-0
-0
-0
0
0
0
0
0
0
0
0
0
0
0
0
-0
-0
-0
-0
-0
-0
-0
-0
-0
-0
-0
-0
0
0
0
0
0
0
0
0
0
0
0
0
-0
-0
-0
-0
-0
-0
-0
-0
-0
-0
-0
-0
0
0
0
0
0
0
0
0
0
0
0
-0
-0
-0
-0
-0
-0
-0
-0
-0
-0
-0
0
0
0
0
0
0
0
0
0
0
0
-0
-0
-0
-0
-0
-0
-0
-0
-0
-0
-0
0
0
0
0
0
0
0
0
0
0
-0
-0
-0
-0
-0
-0
-0
-0
-0
-0
-0
0
0
0
0
0
0
0
0
0
0
-0
-0
-0
-0
-0
-0
-0
-0
-0
-0
0
0
0
0
0
0
0
0
0
-0
-0
-0
-0
-0
-0
-0
-0
-0
-0
0
0
0
0
0
0
0
0
0
-0
-0
-0
-0
-0
-0
-0
-0
-0
-0
0
0
0
0
0
0
0
0
0
-0
-0
-0
-0
-0
-0
-0
-0
-0
0
0
0
0
0
0
0
0
-0
-0
-0
-0
-0
-0
-0
-0
-0
0
0
0
0
0
0
0
0
-0
-0
-0
-0
-0
-0
-0
-0
-0
0
0
0
0
0
0
0
0
-0
-0
-0
-0
-0
-0
-0
-0
0
0
0
0
0
0
0
0
-0
-0
-0
-0
-0
-0
-0
0
0
0
0
0
0
0
0
-0
-0
-0
-0
-0
-0
-0
0
0
0
0
0
0
0
-0
-0
-0
-0
-0
-0
-0
0
0
0
0
0
0
-0
-0
-0
-0
-0
-0
-0
0
0
0
0
0
0
-0
-0
-0
-0
-0
-0
-0
0
0
0
0
0
0
-0
-0
-0
-0
-0
0
0
0
0
0
0
-0
-0
-0
-0
-0
0
0
0
0
0
-0
-0
-0
-0
-0
0
0
0
0
0
-0
-0
-0
-0
0
0
0
0
0
-0
-0
-0
0
0
0
0
-0
-0
-0
0
0
0
-0
-0
-0
0
0
-0
-0
0
0
-0
0
-0
0
-0
0
-0
0
0
0
0
0
0
0
0
0
0
0
0
0
0
0
0
0
0
0
0
0
0
0
0
0
0
0
0
0
0
0
0
0
0
0
0
