-0
-0
-0
-0
0
0
0
0
-0
-0
-0
-0
-0
-0
-0
-0
-0
-0
-0
-0
-0
-0
-0
-0
-0
-0
-0
-0
-0
-0
-0
-0
-0
-0
-0
-0
-0
-0
-0
-0
-0
-0
-0
-0
-0
-0
-0
-0
-0
-0
-0
-0
-0
-0
-0
-0
-0
-0
-0
-0
-0
-0
-0
-0
-0
-0
-0
-0
-0
-0
-0
-0
-0
-0
-0
-0
-0
-0
-0
-0
-0
-0
-0
-0
-0
-0
-0
-0
-0
-0
-0
-0
-0
-0
-0
-0
-0
-0
-0
-0
-0
-0
-0
-0
-0
-0
-0
-0
-0
-0
-0
-0
-0
-0
-0
-0
-0
-0
-0
-0
-0
-0
-0
-0
-0
-0
-0
-0
-0
-0
-0
-0
-0
-0
-0
-0
-0
-0
-0
-0
-0
-0
-0
-0
-0
-0
-0
-0
-0
-0
-0
-0
-0
-0
-0
-0
-0
-0
-0
-0
-0
-0
-0
-0
-0
-0
-0
-0
-0
-0
-0
-0
-0
-0
-0
-0
-0
-0
-0
-0
-0
-0
-0
-0
-0
-0
-0
-0
-0
-0
-0
-0
-0
-0
-0
-0
-0
-0
-0
-0
-0
-0
-0
-0
-0
-0
-0
-0
-0
-0
-0
-0
-0
-0
-0
-0
-0
-0
-0
-0
-0
-0
-0
-0
-0
-0
-0
-0
-0
-0
-0
-0
-0
-0
-0
-0
-0
-0
-0
-0
-0
-0
-0
-0
0
0
0
0
0
0
0
0
0
0
0
0
0
0
0
0
0
0
0
0
0
0
0
0
0
0
0
0
0
0
0
0
0
0
0
0
0
0
0
0
0
0
0
0
0
0
0
0
0
0
0
0
0
0
0
0
0
0
0
0
0
0
0
0
0
0
0
0
0
-0
-0
-0
-0
-0
-0
-0
-0
-0
-3.32814e-05
-0.00539717
-0.021263
-0.049322
-0.0909404
-0.147128
-0.218514
-0.305321
-0.407355
-0.523994
-0.654197
-0.796507
-0.949085
-1.10974
-1.27597
-1.44505
-1.61408
-1.78008
-1.94005
-2.09111
-2.23052
-2.35577
-2.46465
-2.55532
-2.62629
-2.67652
-2.70542
-2.71287
-2.69923
-2.66533
-2.61244
-2.54223
-2.4567
-2.35809
-2.24882
-2.1314
-2.00833
-1.88209
-1.75504
-1.62941
-1.50725
-1.39041
-1.28049
-1.17888
-1.0867
-1.0048
-0.933752
-0.873881
-0.825234
-0.78761
-0.760569
-0.743466
-0.735486
-0.735697
-0.743113
-0.756749
-0.775679
-0.799064
-0.826163
-0.856313
-0.888894
-0.923284
-0.958828
-0.994829
-1.03057
-1.06534
-1.09855
-1.12973
-1.1586
-1.18505
-1.20916
-1.23107
-1.25094
-1.26886
-1.28484
-1.29875
-1.3104
-1.31955
-1.32599
-1.32961
-1.3304
-1.32848
-1.32407
-1.31745
-1.30891
-1.29871
-1.28707
-1.27413
-1.25997
-1.24461
-1.22802
-1.21018
-1.19107
-1.17074
-1.14929
-1.12697
-1.10409
-1.08109
-1.05843
-1.03657
-1.0159
-0.996988
-0.980083
-0.965115
-0.951934
-0.940387
-0.930404
-0.922068
-0.915648
-0.911581
-0.91041
-0.912683
-0.918855
-0.929203
-0.943791
-0.962485
-0.985024
-1.01111
-1.04053
-1.07319
-1.10921
-1.14885
-1.19247
-1.24046
-1.29312
-1.35059
-1.41286
-1.47971
-1.55082
-1.6258
-1.70427
-1.78588
-1.8704
-1.95767
-2.04761
-2.14017
-2.23531
-2.33297
-2.433
-2.53519
-2.63919
-2.74456
-2.85076
-2.95715
-3.06305
-3.16777
-3.27071
-3.37134
-3.46927
-3.56424
-3.65605
-3.74452
-3.8294
-3.91028
-3.98656
-4.05741
-4.1219
-4.179
-4.22776
-4.26738
-4.2973
-4.3172
-4.32697
-4.32658
-4.31599
-4.29503
-4.26329
-4.22015
-4.16478
-4.0963
-4.01385
-3.91675
-3.80458
-3.67723
-3.53481
-3.37764
-3.20605
-3.02035
-2.8207
-2.60707
-2.37931
-2.13717
-1.88044
-1.60898
-1.32288
-1.02243
-0.708149
-0.380757
-0.0410955
0.309926
0.671394
1.04243
1.42221
1.80997
2.205
2.60657
3.01395
3.42636
3.8429
4.26255
4.68415
5.10635
5.52767
5.94651
6.3612
6.77008
7.17159
7.56431
7.94702
8.31864
8.67826
9.02496
9.35777
9.67555
9.97691
10.2602
10.5238
10.7656
10.9839
11.1773
11.3444
11.4846
11.5973
11.6826
11.7402
11.7701
11.7722
11.7456
11.6897
11.6034
11.4857
11.3357
11.1529
10.9375
10.69
10.4116
10.1037
9.76788
9.40572
9.01849
8.60717
8.17243
7.71472
7.23451
6.73248
6.20972
5.66783
5.10904
4.53602
3.95181
3.35954
2.76224
2.16264
1.56303
0.96534
0.371133
-0.218153
-0.80103
-1.37576
-1.94024
-2.49191
-3.02783
-3.54485
-4.03975
-4.5095
-4.95146
-5.36352
-5.74415
-6.09234
-6.40752
-6.68938
-6.93765
-7.15198
-7.33181
-7.47637
-7.58474
-7.65597
-7.68926
-7.68416
-7.64073
-7.55966
-7.44229
-7.29061
-7.10708
-6.89455
-6.65601
-6.39444
-6.1127
-5.8134
-5.49893
-5.17152
-4.83328
-4.4864
-4.13327
-3.77655
-3.41928
-3.06486
-2.71699
-2.37955
-2.05645
-1.75141
-1.46776
-1.20828
-0.975018
-0.769207
-0.591225
-0.44061
-0.316138
-0.215935
-0.137633
-0.0785313
-0.0357661
-0.00646311
0.0121273
0.0225264
0.0269533
0.0272842
0.0250393
0.0213945
0.017211
0.0130773
0.00935749
0.00624071
0.00378823
0.0019748
0.000723217
-6.88192e-05
-0.000509215
-0.00069862
-0.000723053
-0.000650775
-0.000532175
-0.000401559
-0.000279964
-0.000178288
-0.000100292
-4.51864e-05
-9.67855e-06
1.05425e-05
1.98224e-05
2.19746e-05
2.0024e-05
1.61626e-05
1.18327e-05
7.87198e-06
4.67483e-06
2.34139e-06
7.99749e-07
-1.03562e-07
-5.43073e-07
-6.78807e-07
-6.39395e-07
-5.17731e-07
-3.74008e-07
-2.42264e-07
-1.37792e-07
-6.39026e-08
-1.72875e-08
8.17484e-09
1.90227e-08
2.09258e-08
1.8178e-08
1.36696e-08
9.10813e-09
5.32813e-09
2.59364e-09
8.45462e-10
-1.21345e-10
-5.45258e-10
-6.37892e-10
-5.59649e-10
-4.17268e-10
-2.72443e-10
-1.54219e-10
-7.09219e-11
-1.96616e-11
7.0887e-12
1.75401e-11
1.862e-11
1.53108e-11
1.07263e-11
6.51426e-12
3.33162e-12
1.25835e-12
1.00704e-13
-4.16682e-13
-5.48196e-13
-4.85869e-13
-3.54016e-13
-2.21022e-13
-1.16556e-13
-4.71262e-14
-7.80302e-15
1.01614e-14
1.52114e-14
1.37823e-14
1.00194e-14
6.17038e-15
3.18007e-15
1.23616e-15
1.70807e-16
-2.90552e-16
-4.01523e-16
-3.47254e-16
-2.41183e-16
-1.40771e-16
-6.7263e-17
-2.23739e-17
3.08088e-19
8.79733e-18
9.74061e-18
7.58956e-18
4.82662e-18
2.54856e-18
1.04335e-18
2.18091e-19
-1.39573e-19
-2.31352e-19
-2.01958e-19
-1.36681e-19
-7.61926e-20
-3.39083e-20
-9.69561e-21
1.44652e-21
4.90228e-21
4.709e-21
3.30487e-21
1.88182e-21
8.58754e-22
2.66002e-22
-9.60157e-24
-9.82738e-23
-9.84819e-23
-6.92556e-23
-3.9002e-23
-1.74597e-23
-5.23948e-24
2.61857e-25
1.92589e-24
1.85408e-24
1.25415e-24
6.74605e-25
2.82955e-25
7.31338e-26
-1.40368e-26
-3.5818e-26
-3.07287e-26
-1.91865e-26
-9.47773e-27
-3.50134e-27
-6.00424e-28
4.35944e-28
5.84421e-28
4.27556e-28
2.37016e-28
1.02227e-28
2.95532e-29
-6.26171e-31
-8.55744e-30
-7.63396e-30
-4.65237e-30
-2.19032e-30
-7.54836e-31
-1.10179e-31
9.36104e-32
1.09476e-31
7.20803e-32
3.55485e-32
1.31375e-32
2.75608e-33
-7.29756e-34
-1.23244e-33
-8.49168e-34
-4.19879e-34
-1.55119e-34
-3.51798e-35
3.97869e-36
9.88974e-36
6.62326e-36
3.03785e-36
1.01499e-36
2.05598e-37
-1.53942e-38
-3.61134e-38
-1.81272e-38
-5.40676e-39
-8.9231e-40
-3.91583e-41
0
0
0
0
0
0
-0
-0
-0
-0
-0
-0
0
0
0
0
0
-0
-0
-0
-0
-0
-0
0
0
0
0
0
-0
-0
-0
-0
-0
0
0
0
0
0
0
-0
-0
-0
-0
-0
0
0
0
0
0
-0
-0
-0
-0
-0
0
0
0
0
-0
-0
-0
-0
-0
0
0
0
0
-0
-0
-0
-0
-0
0
0
0
0
-0
-0
-0
-0
-0
0
0
0
0
-0
-0
-0
-0
0
0
0
0
-0
-0
-0
0
0
0
0
-0
-0
-0
-0
0
0
0
-0
-0
-0
0
0
0
0
-0
-0
-0
0
0
0
-0
-0
-0
0
0
-0
-0
-0
0
0
-0
-0
-0
0
0
-0
-0
0
0
-0
0
0
-0
0
-0
0
-0
0
-0
0
-0
0
-0
0
0
0
0
0
0
0
0
0
0
0
0
0
0
0
0
0
0
0
0
0
0
0
0
0
0
0
0
0
0
0
0
0
0
0
0
0
