-0
-0
-0
-0
-0
-0
-0
-0
-0
-0
-0
-0
-0
-0
-0
-0
-0
-0
-0
-0
-0
-0
-0
-0
-0
-0
-0
-0
-0
-0
-0
-0
-0
-0
-0
-0
-0
-0
-0
-0
-0
-0
-0
-0
-0
-0
-0
-0
-0
-0
-0
-0
-0
-0
-0
-0
-0
-0
-0
-0
-0
-0
-0
-0
-0
-0
-0
-0
-0
-0
-0
-0
-0
-0
-0
-0
-0
-0
-0
-0
-0
-0
-0
-0
-0
-0
-0
-0
-0
-0
-0
-0
-0
-0
-0
-0
-0
-0
-0
-0
-0
-0
-0
-0
-0
-0
-0
-0
-0
-0
-0
-0
-0
-0
-0
-0
-0
-0
-0
-0
-0
-0
-0
-0
-0
-0
-0
-0
-0
-0
-0
-0
-0
-0
-0
-0
-0
-0
-0
-0
-0
-0
-0
-0
-0
-0
-0
-0
-0
-0
-0
-0
-0
-0
-0
-0
-0
-0
-0
-0
-0
-0
-0
-0
-0
-0
-0
-0
-0
-0
-0
-0
-0
-0
-0
-0
-0
-0
-0
-0
-0
-0
-0
-0
-0
-0
-0
-0
-0
-0
-0
-0
-0
-0
-0
-0
-0
-0
-0
-0
-0
-0
-0
-0
-0
-0
-0
-0
-0
-0
-0
-0
-0
-0
-0
-0
-0
-0
-0
-0
-0
-0
-0
-0
-0
-0
-0
-0
-0
-0
-0
-0
-0
-0
-0
-0
-0
-0
-0
-0
0
0
0
0
0
0
0
0
0
0
0
0
0
0
0
0
0
0
0
0
0
0
0
0
0
0
0
0
0
0
0
0
0
0
0
0
0
0
0
0
0
0
0
0
0
0
0
0
0
0
0
0
0
0
0
0
0
0
0
0
0
0
0
0
0
0
0
0
0
0
0
0
0
0
-0
-0
-0
-0
-0
-0
-0
-0
-0
-0
-0
-0
-0
-0
-0
-0
-0
-0
-0
-0
-0
-0
-0
-0
-0
-0
-0
-0
-0
-0
-0
-0
-0
-0
-0
-0
-0
-0
-0
-0
-0
-0
-0
-0
-0
-0
-0
-0
-0
-0
-0
-0
-0
-0
0
0
0
0
0
0
0
0
0
0
0
0
0
0
8.87145e-06
0.000387879
0.0013533
0.00293279
0.00514204
0.00798598
0.0114602
0.015553
0.0202466
0.0255193
0.0313449
0.0376915
0.0445192
0.0517784
0.0594086
0.0673412
0.075504
0.0838285
0.0922561
0.100742
0.109256
0.117774
0.126272
0.134711
0.143036
0.151167
0.159011
0.166467
0.173443
0.179873
0.185723
0.190991
0.195711
0.199932
0.203713
0.207111
0.210171
0.212925
0.215398
0.217608
0.219572
0.221314
0.222867
0.224281
0.225625
0.227
0.228546
0.230446
0.23293
0.236261
0.240723
0.24659
0.254104
0.26345
0.274747
0.288048
0.303368
0.32071
0.340108
0.361656
0.38553
0.41199
0.441358
0.473984
0.510199
0.55027
0.594369
0.642544
0.694728
0.750747
0.810358
0.873287
0.939261
1.00805
1.07947
1.15343
1.22987
1.30878
1.39015
1.47393
1.55998
1.64808
1.73784
1.82873
1.92012
2.01123
2.10126
2.18941
2.27493
2.35716
2.4356
2.50984
2.57957
2.64457
2.70458
2.75931
2.80835
2.85116
2.88706
2.91529
2.93505
2.94652
2.9493
2.94272
2.92625
2.89954
2.86239
2.81474
2.75663
2.68816
2.60937
2.52026
2.42071
2.31049
2.18922
2.05648
1.91178
1.75469
1.58485
1.40207
1.20635
0.99791
0.777155
0.544671
0.301159
0.0473723
-0.215953
-0.488151
-0.768666
-1.05707
-1.35305
-1.65636
-1.96679
-2.28407
-2.60784
-2.93755
-3.27244
-3.61156
-3.9537
-4.29752
-4.64156
-4.9843
-5.32427
-5.66009
-5.99054
-6.31454
-6.6312
-6.93975
-7.23953
-7.52988
-7.81011
-8.07942
-8.33685
-8.58126
-8.81137
-9.02572
-9.22278
-9.40101
-9.55893
-9.69521
-9.8087
-9.89852
-9.96405
-10.0049
-10.021
-10.0122
-9.97878
-9.92077
-9.83827
-9.73127
-9.59966
-9.44322
-9.26163
-9.05457
-8.82174
-8.56298
-8.27832
-7.96804
-7.63274
-7.27334
-6.89107
-6.48747
-6.06426
-5.62336
-5.16673
-4.69635
-4.2141
-3.72175
-3.22093
-2.71313
-2.1997
-1.68194
-1.16115
-0.638663
-0.115977
0.405243
0.923103
1.43547
1.93998
2.43409
2.91512
3.38034
3.82708
4.25277
4.65507
5.03193
5.38163
5.70279
5.9944
6.25581
6.48661
6.68664
6.85591
6.9945
7.10253
7.18009
7.22721
7.24387
7.23001
7.18554
7.11044
7.0048
6.86888
6.70325
6.50879
6.28681
6.03903
5.76768
5.47539
5.16527
4.84075
4.50559
4.16373
3.81922
3.47607
3.13819
2.80925
2.49258
2.19112
1.90733
1.64317
1.40006
1.1789
0.980061
0.803455
0.648555
0.514465
0.399984
0.303673
0.223929
0.159043
0.107269
0.0668697
0.0361702
0.0135892
-0.00233135
-0.0129069
-0.0192997
-0.0225151
-0.023404
-0.0226696
-0.0208791
-0.0184766
-0.0157988
-0.0130902
-0.0105187
-0.00819036
-0.00616301
-0.00445793
-0.00307034
-0.00197792
-0.00114779
-0.000541859
-0.000120832
0.000152967
0.000313783
0.000391402
0.000410735
0.000391846
0.00035028
0.00029758
0.000241893
0.0001886
0.000140916
0.00010044
6.76196e-05
4.21393e-05
2.32254e-05
9.87495e-06
1.0196e-06
-4.36515e-06
-7.19435e-06
-8.2408e-06
-8.12585e-06
-7.32589e-06
-6.18824e-06
-4.95174e-06
-3.7686e-06
-2.72517e-06
-1.86038e-06
-1.1811e-06
-6.74227e-07
-3.16145e-07
-7.92249e-08
6.4329e-08
1.39797e-07
1.68562e-07
1.67643e-07
1.49845e-07
1.24248e-07
9.68591e-08
7.1301e-08
4.9453e-08
3.19978e-08
1.88623e-08
9.54878e-09
3.37027e-09
-3.95046e-10
-2.41169e-09
-3.24059e-09
-3.32381e-09
-2.98873e-09
-2.46277e-09
-1.89263e-09
-1.36393e-09
-9.18844e-10
-5.70893e-10
-3.16249e-10
-1.42007e-10
-3.1775e-11
3.08572e-11
6.03981e-11
6.86246e-11
6.44427e-11
5.41451e-11
4.18588e-11
3.00437e-11
1.99615e-11
1.20739e-11
6.35475e-12
2.51784e-12
1.72599e-13
-1.07911e-12
-1.58954e-12
-1.64185e-12
-1.44606e-12
-1.14614e-12
-8.32132e-13
-5.5351e-13
-3.31646e-13
-1.70108e-13
-6.25289e-14
1.87108e-15
3.47412e-14
4.65912e-14
4.58748e-14
3.87826e-14
2.94452e-14
2.03275e-14
1.26707e-14
6.89941e-15
2.95235e-15
5.25623e-16
-7.64697e-16
-1.2862e-15
-1.34259e-15
-1.15872e-15
-8.84809e-16
-6.10017e-16
-3.78786e-16
-2.06128e-16
-8.99769e-17
-2.01215e-17
1.60087e-17
3.00809e-17
3.13884e-17
2.65176e-17
1.96381e-17
1.30503e-17
7.77103e-18
4.03457e-18
1.66918e-18
3.46329e-19
-2.74279e-19
-4.75262e-19
-4.60233e-19
-3.58878e-19
-2.43292e-19
-1.46396e-19
-7.77672e-20
-3.51995e-20
-1.20905e-20
-1.48573e-21
2.15589e-21
2.54825e-21
1.82358e-21
9.98798e-22
4.259e-22
1.30061e-22
2.07734e-23
5.64068e-26
0
-0
-0
-0
-0
-0
-0
-0
-0
-0
-0
0
0
0
0
0
0
0
0
0
-0
-0
-0
-0
-0
-0
-0
-0
-0
0
0
0
0
0
0
0
0
-0
-0
-0
-0
-0
-0
-0
-0
-0
0
0
0
0
0
0
0
0
-0
-0
-0
-0
-0
-0
-0
-0
0
0
0
0
0
0
0
0
-0
-0
-0
-0
-0
-0
-0
0
0
0
0
0
0
-0
-0
-0
-0
-0
-0
-0
0
0
0
0
0
0
-0
-0
-0
-0
-0
-0
0
0
0
0
0
0
-0
-0
-0
-0
-0
-0
0
0
0
0
0
-0
-0
-0
-0
-0
0
0
0
0
0
-0
-0
-0
-0
-0
0
0
0
0
0
-0
-0
-0
-0
-0
0
0
0
0
-0
-0
-0
-0
0
0
0
0
-0
-0
-0
-0
0
0
0
-0
-0
-0
-0
0
0
0
-0
-0
-0
0
0
-0
-0
0
0
-0
-0
0
-0
0
-0
0
-0
0
-0
0
0
0
0
0
0
0
0
0
0
0
0
0
0
0
0
0
0
0
0
0
0
0
0
0
0
0
0
