0
-0.0567131
-0.0304894
-0.0364708
-0.0422196
-0.0476519
-0.0526099
-0.0568728
-0.0601778
-0.0622503
-0.0628408
-0.0617627
-0.058928
-0.0543755
-0.048286
-0.0409845
-0.0329237
-0.0246524
-0.016769
-0.00986483
-0.00446194
-0.000952334
0.000455126
-0.000226056
-0.00273988
-0.00659028
-0.0110675
-0.0152972
-0.0183101
-0.0191247
-0.0168388
-0.0107194
-0.000283669
0.0146366
0.0338545
0.0568161
0.0826193
0.110064
0.137731
0.164083
0.18758
0.206806
0.220589
0.228109
0.228982
0.223321
0.211754
0.195406
0.175847
0.154998
0.135007
0.118109
0.106464
0.102002
0.106273
0.120323
0.144593
0.178871
0.222278
0.273308
0.329915
0.389636
0.449759
0.507508
0.560243
0.605654
0.641944
0.667974
0.683376
0.6886
0.684917
0.674351
0.659563
0.643676
0.63007
0.62214
0.623052
0.635509
0.661535
0.702304
0.758031
0.827916
0.910167
1.00209
1.10025
1.20068
1.29912
1.39132
1.47332
1.54166
1.59372
1.62777
1.64319
1.64045
1.6211
1.58761
1.54327
1.49192
1.44908
1.41745
1.39256
1.37745
1.37443
1.38485
1.40906
1.44635
1.49497
1.55227
1.61481
1.67862
1.73938
1.79277
1.83466
1.86144
1.87017
1.85884
1.82645
1.77308
1.69991
1.60913
1.50378
1.38763
1.26487
1.13992
1.01709
0.900367
0.793142
0.698008
0.616606
0.549524
0.496272
0.455313
0.424175
0.399611
0.377817
0.35468
0.326052
0.288026
0.237197
0.1709
0.0873974
-0.0139883
-0.132803
-0.267462
-0.415319
-0.572799
-0.73559
-0.898882
-1.05763
-1.20685
-1.34189
-1.45868
-1.55398
-1.62555
-1.67226
-1.69415
-1.6924
-1.66923
-1.62777
-1.57183
-1.50566
-1.43366
-1.36012
-1.28892
-1.22326
-1.1655
-1.11695
-1.07779
-1.04705
-1.02266
-1.00154
-0.979827
-0.953037
-0.916387
-0.865065
-0.794526
-0.700779
-0.58064
-0.431943
-0.253693
-0.0461528
0.189142
0.449439
0.730898
1.02878
1.33767
1.65179
1.96527
2.27245
2.56817
2.84802
3.10858
3.34753
3.56376
3.75736
3.92959
4.08272
4.21987
4.34472
4.46128
4.57356
4.68527
4.79956
4.91872
5.04402
5.17553
5.31203
5.45105
5.5889
5.72079
5.8411
5.94356
6.02158
6.06858
6.07825
6.04493
5.96384
5.83132
5.64501
5.40395
5.10862
4.76088
4.36388
3.92184
3.43985
2.92357
2.37893
1.81179
1.22767
0.631435
0.0270691
-0.582519
-1.19562
-1.81175
-2.43168
-3.05727
-3.69134
-4.33743
-4.99954
-5.6818
-6.38813
-7.12197
-7.88595
-8.68158
-9.50911
-10.3673
-11.2534
-12.1632
-13.0907
-14.029
-14.9698
-15.904
-16.822
-17.7139
-18.57
-19.3812
-20.139
-20.8361
-21.4664
-22.0255
-22.5103
-22.9192
-23.2524
-23.5112
-23.6981
-23.8165
-23.8703
-23.8638
-23.8012
-23.6862
-23.522
-23.3107
-23.0534
-22.7499
-22.3986
-21.9968
-21.5404
-21.0243
-20.4429
-19.7896
-19.0581
-18.242
-17.3355
-16.3336
-15.2327
-14.0307
-12.7269
-11.323
-9.8223
-8.23031
-6.55442
-4.80384
-2.98937
-1.12312
0.781792
2.71163
4.6524
6.59022
8.51171
10.4043
12.2567
14.0586
15.8018
17.4793
19.0859
20.6181
22.0738
23.4524
24.7542
25.9804
27.1326
28.2126
29.222
30.1617
31.0322
31.8326
32.5608
33.2134
33.7856
34.2712
34.6625
34.9509
35.1267
35.1796
35.0992
34.8751
34.4973
33.9569
33.2464
32.3598
31.2934
30.0457
28.6181
27.0145
25.2419
23.3103
21.2324
19.0237
16.7022
14.2883
11.8042
9.27353
6.72108
4.17226
1.65257
-0.812795
-3.19949
-5.48442
-7.64615
-9.6653
-11.5248
-13.2104
-14.7102
-16.0158
-17.1214
-18.0244
-18.725
-19.2262
-19.5338
-19.6558
-19.6025
-19.3861
-19.0201
-18.5195
-17.9001
-17.1781
-16.3701
-15.4928
-14.5622
-13.5941
-12.6033
-11.6035
-10.6076
-9.62696
-8.67171
-7.75059
-6.87094
-6.03869
-5.25846
-4.53355
-3.86606
-3.25699
-2.70633
-2.21319
-1.7759
-1.39216
-1.05915
-0.773637
-0.532088
-0.330787
-0.165914
-0.0336357
0.0698258
0.148129
0.204762
0.243005
0.265897
0.276219
0.276479
0.268909
0.255465
0.237839
0.217468
0.195551
0.173065
0.150791
0.129329
0.109122
0.0904792
0.0735934
0.0585625
0.0454065
0.0340848
0.0245101
0.0165619
0.0100973
0.00496059
0.000990761
-0.00197205
-0.00408191
-0.00548349
-0.00630962
-0.00667976
-0.0066992
-0.006459
-0.00603633
-0.00549519
-0.00488748
-0.00425411
-0.00362635
-0.00302709
-0.00247211
-0.00197136
-0.00153004
-0.00114963
-0.000828829
-0.000564297
-0.000351339
-0.000184438
-5.7241e-05
3.60587e-05
0.000100665
0.000141823
0.000164361
0.000172591
0.000170261
0.000160543
0.000146048
0.000128865
0.000110608
9.24779e-05
7.53191e-05
5.96831e-05
4.5885e-05
3.40567e-05
2.4193e-05
1.61923e-05
9.88941e-06
5.08265e-06
1.55502e-06
-9.10326e-07
-2.51891e-06
-3.45772e-06
-3.89103e-06
-3.95867e-06
-3.77608e-06
-3.43567e-06
-3.00897e-06
-2.54925e-06
-2.09432e-06
-1.66937e-06
-1.28956e-06
-9.6237e-07
-6.8969e-07
-4.69512e-07
-2.97335e-07
-1.67256e-07
-7.27905e-08
-7.46187e-09
3.48056e-08
5.94448e-08
7.11244e-08
7.37156e-08
7.03193e-08
6.33328e-08
5.45388e-08
4.52029e-08
3.61721e-08
2.79658e-08
2.08575e-08
1.49439e-08
1.02019e-08
6.53349e-09
3.80008e-09
1.84698e-09
5.20501e-10
-3.21299e-10
-8.02606e-10
-1.02732e-09
-1.07894e-09
-1.02198e-09
-9.043e-10
-7.5979e-10
-6.11112e-10
-4.72274e-10
-3.50889e-10
-2.50072e-10
-1.69961e-10
-1.08887e-10
-6.42357e-11
-3.30492e-11
-1.24148e-11
3.01056e-13
7.33709e-12
1.05022e-11
1.11919e-11
1.04342e-11
8.94985e-12
7.21547e-12
5.52243e-12
4.02867e-12
2.80116e-12
1.84899e-12
1.14797e-12
6.57916e-13
3.34046e-13
1.33838e-13
2.06482e-14
-3.49068e-14
-5.49725e-14
-5.52645e-14
-4.62337e-14
-3.4301e-14
-2.29963e-14
-1.39128e-14
-7.45265e-15
-3.36889e-15
-1.13282e-15
-1.645e-16
-0
-0
-0
-0
-0
-0
-0
-0
-0
-0
-0
-0
-0
-0
-0
-0
0
-0
-0
-0
-0
-0
-0
-0
-0
-0
-0
-0
-0
-0
-0
-0
-0
-0
-0
-0
-0
-0
-0
-0
-0
-0
-0
-0
0
-0
-0
-0
-0
-0
-0
-0
-0
-0
-0
-0
-0
-0
-0
-0
-0
-0
-0
-0
-0
-0
-0
-0
-0
-0
-0
0
-0
-0
-0
-0
-0
-0
-0
-0
-0
-0
-0
-0
-0
-0
-0
-0
-0
-0
-0
-0
-0
-0
-0
-0
0
-0
-0
-0
-0
-0
-0
-0
-0
-0
-0
-0
-0
-0
-0
-0
-0
-0
-0
-0
-0
-0
-0
0
-0
-0
-0
-0
-0
-0
-0
-0
-0
-0
-0
-0
-0
-0
-0
-0
-0
-0
-0
-0
-0
-0
0
-0
-0
-0
-0
-0
-0
-0
-0
-0
-0
-0
-0
-0
-0
-0
-0
-0
-0
-0
-0
-0
0
-0
-0
-0
-0
-0
-0
-0
-0
-0
-0
-0
-0
-0
-0
-0
-0
-0
-0
-0
-0
0
-0
-0
-0
-0
-0
-0
-0
-0
-0
-0
-0
-0
-0
-0
-0
-0
-0
-0
-0
0
-0
-0
-0
-0
-0
-0
-0
-0
-0
-0
-0
-0
-0
-0
-0
-0
-0
-0
0
-0
-0
-0
-0
-0
-0
-0
-0
-0
-0
-0
-0
-0
-0
-0
-0
-0
0
-0
-0
-0
-0
-0
-0
-0
-0
-0
-0
-0
-0
-0
-0
-0
-0
-0
0
-0
-0
-0
-0
-0
-0
-0
-0
-0
-0
-0
-0
-0
-0
-0
-0
0
-0
-0
-0
-0
-0
-0
-0
-0
-0
-0
-0
-0
-0
-0
-0
0
-0
-0
-0
-0
-0
-0
-0
-0
-0
-0
-0
-0
-0
-0
-0
0
-0
-0
-0
-0
-0
-0
-0
-0
-0
-0
-0
-0
-0
-0
0
-0
-0
-0
-0
-0
-0
-0
-0
-0
-0
-0
-0
-0
0
-0
-0
-0
-0
-0
-0
-0
-0
-0
-0
-0
-0
0
-0
-0
-0
-0
-0
-0
-0
-0
-0
-0
-0
0
-0
-0
-0
-0
-0
-0
-0
-0
-0
-0
-0
0
-0
-0
-0
-0
-0
-0
-0
-0
-0
0
-0
-0
-0
-0
-0
-0
-0
-0
-0
0
-0
-0
-0
-0
-0
-0
-0
0
-0
-0
-0
-0
-0
-0
0
-0
-0
-0
-0
-0
0
-0
-0
-0
0
-0
-0
0
-0
0
-0
0
-0
0
-0
-0
-0
-0
-0
-0
-0
-0
-0
-0
-0
-0
-0
-0
-0
-0
-0
-0
-0
-0
-0
-0
-0
-0
-0
-0
-0
-0
-0
-0
-0
