-0
-0
-0
-0
-0
-0
-0
-0
-0
-0
-0
-0
-0
-0
-0
-0
-0
-0
-0
-0
0
0
0
0
0
0
0
0
0
0
0
0
0
0
0
0
0
0
0
0
0
0
0
0
0
0
0
0
0
0
0
0
0
0
0
0
0
0
0
0
0
0
0
0
0
0
0
0
0
0
0
0
0
0
0
0
0
0
0
0
0
0
0
0
0
0
0
0
0
0
0
0
0
0
0
0
0
0
0
0
0
0
0
0
0
0
0
0
0
0
0
0
0
0
0
0
0
0
0
0
0
0
0
0
0
0
0
0
0
0
0
0
0
0
0
0
0
0
0
0
0
0
0
0
0
0
0
0
0
0
0
0
0
0
0
0
0
0
0
0
0
0
0
0
0
0
0
0
0
0
0
0
0
0
0
0
0
0
0
0
0
0
0
0
0
0
0
0
0
0
0
0
0
0
0
0
0
0
0
0
0
0
0
0
0
0
0
0
0
0
0
0
0
0
0
0
0
0
0
0
0
0
0
0
0
0
0
0
0
0
0
0
0
0
0
0
0
0
0
0
0
0
0
0
-0
-0
-0
-0
-0
-0
-0
-0
-0
-0
-0
-0
-0
-0
-0
-0
-0
-0
-0
-0
-0
-0
-0
-0
-0
-0
-0
-0
-0
-0
-0
-0
-0
-0
-0
-0
-0
-0
-0
-0
-0
-0
-0
-0
-0
-0
-0
-0
-0
-0
-0
-0
-0
-0
-0
-0
-0
-0
-0
-0
-0
-0
-0
-0
-0
-0
-0
-0
-0
-0
0
0
0
0
0
0
0
0
0
0
0
0
0
0
0
0
0
0
0
0
0
0
0
0
0
0
0
0
0
0
0
0
0
0
0
0
0
0
0
0
0
0
0
0
0
0
0
0
0
0
0
0
0
0
0
0
0
0
0
0
0
0
0
0
0
0
0
-0
-0
-0
-0
-8.83134e-07
1.25526e-06
1.94334e-05
7.06081e-05
0.000173077
0.000344396
0.000600243
0.000954318
0.0014189
0.00200528
0.00272345
0.00358065
0.00457915
0.0057142
0.0069733
0.00833752
0.00978502
0.0112958
0.0128561
0.0144607
0.016112
0.0178157
0.0195747
0.0213831
0.0232226
0.025064
0.0268717
0.0286125
0.0302645
0.0318227
0.0333012
0.0347284
0.0361395
0.0375665
0.0390298
0.0405347
0.042073
0.0436285
0.0451861
0.0467391
0.0482934
0.0498672
0.0514868
0.0531799
0.0549701
0.0568739
0.0589023
0.061066
0.0633808
0.0658727
0.0685783
0.0715411
0.0748032
0.0783963
0.0823345
0.0866119
0.091207
0.0960918
0.101245
0.106662
0.112368
0.118409
0.124853
0.131774
0.139236
0.147281
0.155918
0.165125
0.174856
0.185045
0.195629
0.206554
0.217782
0.229299
0.241105
0.253215
0.265643
0.278401
0.291486
0.30488
0.318548
0.332434
0.346466
0.36056
0.374616
0.388531
0.402197
0.415515
0.428394
0.440759
0.452555
0.463743
0.474298
0.484199
0.493418
0.501917
0.509634
0.516484
0.522362
0.527145
0.530836
0.533455
0.534906
0.535115
0.534035
0.531644
0.527943
0.522946
0.516672
0.509133
0.500328
0.49024
0.47883
0.466045
0.451816
0.436074
0.418754
0.399802
0.379187
0.356903
0.332972
0.307442
0.280382
0.251875
0.222012
0.190879
0.158551
0.125091
0.0905404
0.0549278
0.0182706
-0.0194165
-0.0581123
-0.0977801
-0.138361
-0.179767
-0.221883
-0.264566
-0.307652
-0.350967
-0.39433
-0.437568
-0.480522
-0.523051
-0.565036
-0.606378
-0.646993
-0.686804
-0.725734
-0.7637
-0.8006
-0.836313
-0.870696
-0.903584
-0.934798
-0.96415
-0.991453
-1.01653
-1.03922
-1.05941
-1.07697
-1.09185
-1.104
-1.1134
-1.12004
-1.12392
-1.12506
-1.12342
-1.119
-1.11175
-1.10163
-1.0886
-1.07258
-1.05355
-1.03148
-1.00638
-0.978274
-0.947245
-0.913402
-0.876889
-0.83788
-0.796569
-0.753161
-0.707863
-0.660879
-0.612399
-0.5626
-0.511641
-0.459671
-0.40683
-0.353255
-0.299093
-0.244503
-0.189665
-0.134785
-0.080095
-0.0258541
0.0276573
0.0801432
0.131301
0.180831
0.228448
0.273887
0.316914
0.357332
0.394979
0.429733
0.461508
0.490245
0.51591
0.538485
0.55796
0.574326
0.587575
0.597688
0.604646
0.608423
0.608995
0.606349
0.600484
0.591427
0.579235
0.564007
0.545886
0.525065
0.501784
0.476334
0.449046
0.420287
0.390452
0.359949
0.329192
0.298586
0.268517
0.23934
0.211372
0.184885
0.160098
0.137178
0.116237
0.0973353
0.0804828
0.0656455
0.0527506
0.0416937
0.0323453
0.0245583
0.0181745
0.0130309
0.00896526
0.00582049
0.00344849
0.00171284
0.000490673
-0.000326378
-0.000831816
-0.00110461
-0.00120997
-0.00120046
-0.00111733
-0.000992005
-0.000847581
-0.000700271
-0.000560775
-0.000435508
-0.000327672
-0.000238171
-0.000166347
-0.000110578
-6.87283e-05
-3.84741e-05
-1.75354e-05
-3.81865e-06
4.50201e-06
8.95165e-06
1.07549e-05
1.0858e-05
9.96342e-06
8.56961e-06
7.01184e-06
5.49984e-06
4.1511e-06
3.01857e-06
2.11279e-06
1.41866e-06
9.0772e-07
5.46502e-07
3.01868e-07
1.44077e-07
4.82155e-08
-5.4556e-09
-3.182e-08
-4.15758e-08
-4.20396e-08
-3.79443e-08
-3.2151e-08
-2.62373e-08
-2.09534e-08
-1.6555e-08
-1.30335e-08
-1.02614e-08
-8.07831e-09
-6.34137e-09
-4.93831e-09
-3.78928e-09
-2.84163e-09
-2.06198e-09
-1.4286e-09
-9.25455e-10
-5.38341e-10
-2.52892e-10
-5.39704e-11
7.4042e-11
1.4653e-10
1.77853e-10
1.80683e-10
1.65585e-10
1.40852e-10
1.12577e-10
8.48785e-11
6.02394e-11
3.98735e-11
2.40879e-11
1.26013e-11
4.803e-12
-5.28562e-14
-2.71416e-12
-3.84994e-12
-4.01033e-12
-3.61579e-12
-2.96517e-12
-2.25404e-12
-1.59714e-12
-1.05053e-12
-6.31032e-13
-3.31907e-13
-1.34376e-13
-1.54968e-14
4.69957e-14
7.21489e-14
7.48241e-14
6.5721e-14
5.19351e-14
3.77313e-14
2.53308e-14
1.55991e-14
8.59033e-15
3.9396e-15
1.12352e-15
-3.84888e-16
-1.03741e-15
-1.18189e-15
-1.06326e-15
-8.39262e-16
-6.01344e-16
-3.94941e-16
-2.36402e-16
-1.25683e-16
-5.50122e-17
-1.42489e-17
6.20052e-18
1.40967e-17
1.50671e-17
1.2819e-17
9.55958e-18
6.44102e-18
3.9441e-18
2.16711e-18
1.02242e-18
3.56787e-19
1.63972e-20
-1.24576e-19
-1.56587e-19
-1.38081e-19
-1.02912e-19
-6.81595e-20
-4.06393e-20
-2.16158e-20
-9.8502e-21
-3.35044e-21
-2.35449e-22
9.3878e-22
1.1399e-21
9.43964e-22
6.52174e-22
3.95686e-22
2.13069e-22
1.00262e-22
3.88757e-23
9.88781e-24
-1.26426e-24
-3.96037e-24
-3.43195e-24
-2.17143e-24
-1.12061e-24
-4.77664e-25
-1.61937e-25
-3.90256e-26
-4.76206e-27
-2.81328e-29
0
0
0
0
0
0
0
0
0
-0
-0
-0
-0
-0
-0
-0
-0
0
0
0
0
0
0
0
0
0
-0
-0
-0
-0
-0
-0
-0
-0
0
0
0
0
0
0
0
-0
-0
-0
-0
-0
-0
-0
-0
0
0
0
0
0
0
0
-0
-0
-0
-0
-0
-0
0
0
0
0
0
0
0
-0
-0
-0
-0
-0
-0
0
0
0
0
0
0
-0
-0
-0
-0
-0
-0
0
0
0
0
0
-0
-0
-0
-0
-0
0
0
0
0
0
0
-0
-0
-0
-0
-0
0
0
0
0
0
-0
-0
-0
-0
0
0
0
0
0
-0
-0
-0
-0
0
0
0
0
0
-0
-0
-0
-0
0
0
0
0
-0
-0
-0
-0
0
0
0
-0
-0
-0
-0
0
0
0
-0
-0
-0
-0
0
0
0
-0
-0
0
0
0
-0
-0
-0
0
0
-0
-0
0
0
-0
-0
0
-0
0
-0
0
-0
0
-0
0
-0
0
0
0
0
0
0
0
0
0
0
0
0
0
0
0
0
0
0
0
0
0
0
0
0
0
0
0
0
0
