-0.306827
-0.306606
-0.303895
-0.298878
-0.291874
-0.283319
-0.273734
-0.263693
-0.253771
-0.244501
-0.236326
-0.229558
-0.224341
-0.220635
-0.218203
-0.216623
-0.215312
-0.213561
-0.210589
-0.205596
-0.197829
-0.18664
-0.171544
-0.152261
-0.128749
-0.101221
-0.0701369
-0.0361817
-0.000227476
0.0367238
0.0736069
0.109367
0.143037
0.173806
0.201088
0.224566
0.244231
0.260387
0.273645
0.284895
0.295249
0.305978
0.31843
0.333945
0.353767
0.378958
0.410329
0.448383
0.49328
0.54482
0.602464
0.665361
0.732415
0.802355
0.873828
0.945499
1.01614
1.08474
1.15055
1.21318
1.27261
1.32919
1.38365
1.43706
1.49071
1.54611
1.60538
1.67027
1.74224
1.82252
1.91204
2.0114
2.12075
2.23988
2.36816
2.50459
2.64789
2.79656
2.94896
3.10342
3.25839
3.41243
3.56441
3.71351
3.85926
4.00162
4.14091
4.27782
4.41333
4.54865
4.68513
4.82413
4.96697
5.11476
5.26838
5.42835
5.59479
5.76739
5.94544
6.1278
6.31295
6.49913
6.68434
6.86648
7.0435
7.2134
7.37446
7.52521
7.66459
7.79193
7.90701
8.01002
8.10158
8.18261
8.2543
8.31802
8.37518
8.42715
8.47514
8.52014
8.5628
8.60338
8.64178
8.67743
8.7094
8.73643
8.75697
8.76931
8.77165
8.76225
8.73951
8.7021
8.64903
8.57973
8.49413
8.39264
8.27616
8.14607
8.00416
7.85252
7.69349
7.52952
7.36307
7.19647
7.03185
6.87104
6.71548
6.56621
6.4238
6.28843
6.15988
6.0376
5.92081
5.80859
5.7
5.59418
5.49049
5.38856
5.28843
5.19056
5.0959
5.00586
4.92233
4.84759
4.78424
4.73511
4.70314
4.69125
4.70224
4.73862
4.80255
4.89572
5.01929
5.17386
5.35942
5.57543
5.82082
6.09408
6.39335
6.71652
7.06137
7.42568
7.80734
8.20446
8.61544
9.03906
9.47449
9.92129
10.3794
10.8491
11.3309
11.8253
12.3332
12.8549
13.3909
13.9411
14.5051
15.0817
15.6693
16.2656
16.8676
17.4718
18.074
18.6694
19.2531
19.8197
20.3639
20.8803
21.3636
21.809
22.2118
22.5681
22.8744
23.1277
23.3259
23.467
23.5499
23.5736
23.5377
23.4416
23.2852
23.068
22.7894
22.4487
22.0447
21.5759
21.0402
20.4353
19.7584
19.0067
18.1768
17.2656
16.2699
15.1869
14.0141
12.7495
11.3918
9.94074
8.39656
6.76071
5.03551
3.22428
1.33125
-0.638489
-2.67911
-4.78415
-6.94668
-9.15944
-11.415
-13.7058
-16.0246
-18.3643
-20.7179
-23.0791
-25.4419
-27.8007
-30.1502
-32.4856
-34.8021
-37.0953
-39.3606
-41.5934
-43.7887
-45.9412
-48.0451
-50.0942
-52.0813
-53.9989
-55.8388
-57.592
-59.2492
-60.8006
-62.2361
-63.5458
-64.7194
-65.7474
-66.6204
-67.3298
-67.8681
-68.2285
-68.4055
-68.395
-68.194
-67.8011
-67.2161
-66.4403
-65.4762
-64.3274
-62.9985
-61.4953
-59.8238
-57.991
-56.0041
-53.8706
-51.5979
-49.1937
-46.6653
-44.0202
-41.2654
-38.4079
-35.4545
-32.412
-29.2873
-26.0875
-22.8197
-19.4919
-16.1122
-12.69
-9.23495
-5.75804
-2.27109
1.21299
4.68024
8.11571
11.5035
14.827
18.0689
21.2113
24.2363
27.126
29.8627
32.4294
34.8099
36.9894
38.9542
40.6925
42.1946
43.4526
44.4611
45.2173
45.7204
45.9726
45.9785
45.7449
45.2813
44.599
43.7116
42.6343
41.3838
39.9783
38.4366
36.7783
35.0235
33.1922
31.3042
29.3791
27.4353
25.4907
23.5617
21.6638
19.8108
18.0149
16.2869
14.636
13.0695
11.5933
10.2116
8.92735
7.74178
6.655
5.66591
4.77236
3.97128
3.25882
2.63051
2.08137
1.60603
1.19889
0.85421
0.566196
0.329126
0.137409
-0.014341
-0.131248
-0.218134
-0.27948
-0.31941
-0.341669
-0.349629
-0.346281
-0.334253
-0.315821
-0.292927
-0.267206
-0.240005
-0.212416
-0.185298
-0.159305
-0.134915
-0.112454
-0.0921199
-0.0740054
-0.0581187
-0.0444015
-0.0327456
-0.0230071
-0.0150186
-0.0085992
-0.00356322
0.000273461
0.00308806
0.00504712
0.00630386
0.00699654
0.00724765
0.00716374
0.00683583
0.00634019
0.00573941
0.00508369
0.00441218
0.00375441
0.00313168
0.00255838
0.00204325
0.0015905
0.00120086
0.000872412
0.000601378
0.000382752
0.000210813
7.95342e-05
-1.70978e-05
-8.48486e-05
-0.000129073
-0.000154612
-0.000165732
-0.000166113
-0.000158851
-0.000146494
-0.000131084
-0.000114213
-9.70796e-05
-8.05475e-05
-6.52033e-05
-5.14086e-05
-3.93486e-05
-2.90738e-05
-2.05368e-05
-1.36227e-05
-8.17414e-06
-4.01062e-06
-9.44113e-07
1.21005e-06
2.6253e-06
3.45888e-06
3.84902e-06
3.91391e-06
3.75187e-06
3.4425e-06
3.04833e-06
2.61691e-06
2.1829e-06
1.77029e-06
1.39445e-06
1.06394e-06
7.82222e-07
5.49028e-07
3.61555e-07
2.15401e-07
1.05303e-07
2.5697e-08
-2.8888e-08
-6.35558e-08
-8.2879e-08
-9.08141e-08
-9.06774e-08
-8.51637e-08
-7.63942e-08
-6.59804e-08
-5.50979e-08
-4.45526e-08
-3.48599e-08
-2.63272e-08
-1.90895e-08
-1.31572e-08
-8.45634e-09
-4.86118e-09
-2.21903e-09
-3.68848e-10
8.45882e-10
1.56872e-09
1.92553e-09
2.02234e-09
1.94534e-09
1.76199e-09
1.52309e-09
1.26519e-09
1.0131e-09
7.82367e-10
5.81444e-10
4.13658e-10
2.7879e-10
1.74365e-10
9.66334e-11
4.13022e-11
4.03594e-12
-1.9214e-11
-3.20211e-11
-3.73968e-11
-3.77764e-11
-3.50521e-11
-3.0634e-11
-2.55242e-11
-2.03943e-11
-1.56592e-11
-1.15421e-11
-8.13076e-12
-5.42233e-12
-3.3585e-12
-1.85167e-12
-8.03323e-13
-1.16291e-13
2.97842e-13
5.14914e-13
5.96875e-13
5.92127e-13
5.36853e-13
4.5685e-13
3.695e-13
2.85679e-13
2.11455e-13
1.4952e-13
1.00335e-13
6.30121e-14
3.59517e-14
1.7283e-14
5.14912e-15
-2.12743e-15
-5.96445e-15
-7.49706e-15
-7.59068e-15
-6.87383e-15
-5.77946e-15
-4.58745e-15
-3.46361e-15
-2.49311e-15
-1.70735e-15
-1.10457e-15
-6.64691e-16
-3.59604e-16
-1.59689e-16
-3.76204e-17
2.9764e-17
6.08683e-17
6.95184e-17
6.55537e-17
5.55822e-17
4.37465e-17
3.24105e-17
2.27293e-17
1.50905e-17
9.43742e-18
5.49165e-18
2.89564e-18
1.29672e-18
3.89837e-19
-6.65778e-20
-2.50564e-19
-2.84882e-19
-2.48467e-19
-1.88032e-19
-1.2823e-19
-7.97248e-20
-4.51087e-20
-2.29217e-20
-1.01665e-20
-3.71817e-21
-9.88728e-22
-1.3217e-22
-3.21542e-25
0
0
0
0
0
0
0
0
0
0
0
0
0
0
-0
-0
-0
-0
-0
-0
-0
-0
-0
-0
-0
-0
-0
0
0
0
0
0
0
0
0
0
0
0
0
-0
-0
-0
-0
-0
-0
-0
-0
-0
-0
-0
-0
-0
0
0
0
0
0
0
0
0
0
0
0
0
-0
-0
-0
-0
-0
-0
-0
-0
-0
-0
-0
-0
0
0
0
0
0
0
0
0
0
0
0
-0
-0
-0
-0
-0
-0
-0
-0
-0
-0
-0
-0
0
0
0
0
0
0
0
0
0
0
0
-0
-0
-0
-0
-0
-0
-0
-0
-0
-0
-0
0
0
0
0
0
0
0
0
0
0
-0
-0
-0
-0
-0
-0
-0
-0
-0
-0
-0
0
0
0
0
0
0
0
0
0
0
-0
-0
-0
-0
-0
-0
-0
-0
-0
-0
0
0
0
0
0
0
0
0
0
0
-0
-0
-0
-0
-0
-0
-0
-0
-0
0
0
0
0
0
0
0
0
0
0
-0
-0
-0
-0
-0
-0
-0
-0
-0
0
0
0
0
0
0
0
0
0
-0
-0
-0
-0
-0
-0
-0
-0
-0
0
0
0
0
0
0
0
0
-0
-0
-0
-0
-0
-0
-0
-0
-0
0
0
0
0
0
0
0
0
-0
-0
-0
-0
-0
-0
-0
-0
0
0
0
0
0
0
0
0
-0
-0
-0
-0
-0
-0
-0
-0
0
0
0
0
0
0
0
0
-0
-0
-0
-0
-0
-0
-0
0
0
0
0
0
0
0
-0
-0
-0
-0
-0
-0
-0
0
0
0
0
0
0
0
-0
-0
-0
-0
-0
-0
-0
0
0
0
0
0
0
-0
-0
-0
-0
-0
-0
-0
0
0
0
0
0
0
-0
-0
-0
-0
-0
-0
0
0
0
0
0
-0
-0
-0
-0
-0
-0
0
0
0
0
0
-0
-0
-0
-0
-0
0
0
0
0
-0
-0
-0
-0
-0
0
0
0
0
-0
-0
-0
0
0
0
0
-0
-0
-0
0
0
0
-0
-0
0
0
-0
-0
0
-0
0
-0
0
-0
0
0
0
0
0
0
0
0
0
0
0
0
0
0
0
0
0
0
0
0
0
0
0
0
0
0
0
0
0
0
0
0
0
0
0
