-1.01536e-11
-1.04625e-11
-1.07778e-11
-1.10997e-11
-1.14283e-11
-1.17637e-11
-1.21059e-11
-1.24552e-11
-1.28115e-11
-1.3175e-11
-1.35458e-11
-1.39241e-11
-1.43099e-11
-1.47033e-11
-1.51045e-11
-1.55136e-11
-1.59308e-11
-1.6356e-11
-1.67895e-11
-1.72315e-11
-1.76819e-11
-1.8141e-11
-1.86089e-11
-1.90857e-11
-1.95716e-11
-2.00667e-11
-2.05712e-11
-2.10851e-11
-2.16087e-11
-2.21422e-11
-2.26855e-11
-2.3239e-11
-2.38028e-11
-2.43769e-11
-2.49617e-11
-2.55572e-11
-2.61637e-11
-2.67812e-11
-2.74101e-11
-2.80503e-11
-2.87022e-11
-2.9366e-11
-3.00417e-11
-3.07295e-11
-3.14298e-11
-3.21426e-11
-3.28682e-11
-3.36067e-11
-3.43584e-11
-3.51235e-11
-3.59021e-11
-3.66945e-11
-3.75009e-11
-3.83215e-11
-3.91565e-11
-4.00062e-11
-4.08708e-11
-4.17504e-11
-4.26454e-11
-4.35559e-11
-4.44823e-11
-4.54247e-11
-4.63834e-11
-4.73587e-11
-4.83507e-11
-4.93598e-11
-5.03861e-11
-5.14301e-11
-5.24918e-11
-5.35717e-11
-5.46699e-11
-5.57868e-11
-5.69226e-11
-5.80776e-11
-5.92521e-11
-6.04464e-11
-6.16608e-11
-6.28956e-11
-6.4151e-11
-6.54274e-11
-6.67251e-11
-6.80445e-11
-6.93857e-11
-7.07492e-11
-7.21353e-11
-7.35444e-11
-7.49766e-11
-7.64325e-11
-7.79123e-11
-7.94164e-11
-8.09452e-11
-8.24989e-11
-8.40781e-11
-8.5683e-11
-8.7314e-11
-8.89715e-11
-9.06559e-11
-9.23677e-11
-9.41071e-11
-9.58746e-11
-9.76706e-11
-9.94956e-11
-1.0135e-10
-1.03234e-10
-1.05148e-10
-1.07093e-10
-1.0907e-10
-1.11077e-10
-1.13117e-10
-1.1519e-10
-1.17295e-10
-1.19434e-10
-1.21607e-10
-1.23815e-10
-1.26057e-10
-1.28335e-10
-1.3065e-10
-1.33001e-10
-1.3539e-10
-1.37816e-10
-1.40281e-10
-1.42785e-10
-1.45328e-10
-1.47912e-10
-1.50537e-10
-1.53203e-10
-1.55912e-10
-1.58664e-10
-1.6146e-10
-1.643e-10
-1.67185e-10
-1.70116e-10
-1.73094e-10
-1.76119e-10
-1.79193e-10
-1.82316e-10
-1.85489e-10
-1.88713e-10
-1.91989e-10
-1.95317e-10
-1.987e-10
-2.02137e-10
-2.0563e-10
-2.0918e-10
-2.12788e-10
-2.16455e-10
-2.20183e-10
-2.23971e-10
-2.27823e-10
-2.31738e-10
-2.35719e-10
-2.39766e-10
-2.43881e-10
-2.48065e-10
-2.5232e-10
-2.56648e-10
-2.6105e-10
-2.65527e-10
-2.70081e-10
-2.74715e-10
-2.79429e-10
-2.84226e-10
-2.89107e-10
-2.94076e-10
-2.99132e-10
-3.04279e-10
-3.0952e-10
-3.14855e-10
-3.20288e-10
-3.25821e-10
-3.31456e-10
-3.37197e-10
-3.43045e-10
-3.49003e-10
-3.55075e-10
-3.61264e-10
-3.67572e-10
-3.74002e-10
-3.80558e-10
-3.87244e-10
-3.94062e-10
-4.01017e-10
-4.08112e-10
-4.15351e-10
-4.22739e-10
-4.30279e-10
-4.37975e-10
-4.45832e-10
-4.53856e-10
-4.62049e-10
-4.70418e-10
-4.78968e-10
-4.87703e-10
-4.9663e-10
-5.05753e-10
-5.15079e-10
-5.24614e-10
-5.34363e-10
-5.44334e-10
-5.54532e-10
-5.64965e-10
-5.7564e-10
-5.86564e-10
-5.97744e-10
-6.09188e-10
-6.20904e-10
-6.329e-10
-6.45186e-10
-6.57768e-10
-6.70657e-10
-6.83862e-10
-6.97392e-10
-7.11257e-10
-7.25467e-10
-7.40033e-10
-7.54965e-10
-7.70274e-10
-7.85972e-10
-8.0207e-10
-8.18581e-10
-8.35516e-10
-8.52888e-10
-8.7071e-10
-8.88995e-10
-9.07758e-10
-9.27012e-10
-9.46772e-10
-9.67052e-10
-9.87867e-10
-1.00923e-09
-1.03117e-09
-1.05368e-09
-1.0768e-09
-1.10054e-09
-1.12491e-09
-1.14993e-09
-1.17562e-09
-1.202e-09
-1.22909e-09
-1.25691e-09
-1.28548e-09
-1.31482e-09
-1.34495e-09
-1.37589e-09
-1.40766e-09
-1.44029e-09
-1.47379e-09
-1.5082e-09
-1.54353e-09
-1.57981e-09
-1.61706e-09
-1.65531e-09
-1.69459e-09
-1.73491e-09
-1.77631e-09
-1.81881e-09
-1.86244e-09
-1.90722e-09
-1.95319e-09
-2.00037e-09
-2.04879e-09
-2.09848e-09
-2.14947e-09
-2.20179e-09
-2.25547e-09
-2.31054e-09
-2.36704e-09
-2.42498e-09
-2.48441e-09
-2.54535e-09
-2.60785e-09
-2.67192e-09
-2.73761e-09
-2.80494e-09
-2.87395e-09
-2.94468e-09
-3.01715e-09
-3.09141e-09
-3.16748e-09
-3.2454e-09
-3.3252e-09
-3.40692e-09
-3.49058e-09
-3.57624e-09
-3.66391e-09
-3.75364e-09
-3.84545e-09
-3.93938e-09
-4.03547e-09
-4.13374e-09
-4.23423e-09
-4.33697e-09
-4.442e-09
-4.54934e-09
-4.65902e-09
-4.77108e-09
-4.88555e-09
-5.00244e-09
-5.12179e-09
-5.24363e-09
-5.36799e-09
-5.49487e-09
-5.62432e-09
-5.75635e-09
-5.89097e-09
-6.02822e-09
-6.1681e-09
-6.31063e-09
-6.45583e-09
-6.6037e-09
-6.75426e-09
-6.90751e-09
-7.06345e-09
-7.2221e-09
-7.38344e-09
-7.54747e-09
-7.71419e-09
-7.88359e-09
-8.05578e-09
-8.23087e-09
-8.40887e-09
-8.58977e-09
-8.77355e-09
-8.96021e-09
-9.14971e-09
-9.34205e-09
-9.53719e-09
-9.73511e-09
-9.93577e-09
-1.01391e-08
-1.03451e-08
-1.05538e-08
-1.07649e-08
-1.09786e-08
-1.11947e-08
-1.14131e-08
-1.16338e-08
-1.18566e-08
-1.20816e-08
-1.23085e-08
-1.25374e-08
-1.2768e-08
-1.30002e-08
-1.3234e-08
-1.34691e-08
-1.37055e-08
-1.3943e-08
-1.41813e-08
-1.44205e-08
-1.46601e-08
-1.49002e-08
-1.51405e-08
-1.53807e-08
-1.56206e-08
-1.58601e-08
-1.60989e-08
-1.63368e-08
-1.65734e-08
-1.68085e-08
-1.70419e-08
-1.72733e-08
-1.75023e-08
-1.77287e-08
-1.79522e-08
-1.81723e-08
-1.83889e-08
-1.86015e-08
-1.88098e-08
-1.90134e-08
-1.9212e-08
-1.94052e-08
-1.95926e-08
-1.97737e-08
-1.99482e-08
-2.01158e-08
-2.02758e-08
-2.0428e-08
-2.05719e-08
-2.0707e-08
-2.08329e-08
-2.09492e-08
-2.10554e-08
-2.1151e-08
-2.12356e-08
-2.13087e-08
-2.13698e-08
-2.14185e-08
-2.14543e-08
-2.14766e-08
-2.14852e-08
-2.14794e-08
-2.14588e-08
-2.1423e-08
-2.13714e-08
-2.13037e-08
-2.12193e-08
-2.11178e-08
-2.09989e-08
-2.0862e-08
-2.07067e-08
-2.05327e-08
-2.03394e-08
-2.01267e-08
-1.9894e-08
-1.96409e-08
-1.93673e-08
-1.90727e-08
-1.87568e-08
-1.84193e-08
-1.806e-08
-1.76785e-08
-1.72748e-08
-1.68484e-08
-1.63994e-08
-1.59274e-08
-1.54323e-08
-1.49142e-08
-1.43727e-08
-1.38079e-08
-1.32198e-08
-1.26083e-08
-1.19735e-08
-1.13154e-08
-1.06341e-08
-9.92975e-09
-9.20242e-09
-8.45233e-09
-7.67969e-09
-6.88474e-09
-6.06776e-09
-5.22906e-09
-4.36898e-09
-3.48789e-09
-2.58621e-09
-1.66439e-09
-7.22903e-10
2.3774e-10
1.21699e-09
2.21427e-09
3.22896e-09
4.26042e-09
5.30797e-09
6.3709e-09
7.44847e-09
8.5399e-09
9.6444e-09
1.07611e-08
1.18892e-08
1.30278e-08
1.4176e-08
1.53327e-08
1.64972e-08
1.76683e-08
1.88451e-08
2.00265e-08
2.12114e-08
2.23989e-08
2.35878e-08
2.4777e-08
2.59654e-08
2.71519e-08
2.83352e-08
2.95144e-08
3.06881e-08
3.18552e-08
3.30146e-08
3.41651e-08
3.53054e-08
3.64345e-08
3.75511e-08
3.86541e-08
3.97423e-08
4.08144e-08
4.18695e-08
4.29063e-08
4.39236e-08
4.49205e-08
4.58957e-08
4.68482e-08
4.77769e-08
4.86807e-08
4.95587e-08
5.04098e-08
5.12331e-08
5.20275e-08
5.27923e-08
5.35264e-08
5.4229e-08
5.48993e-08
5.55364e-08
5.61397e-08
5.67084e-08
5.72417e-08
5.77391e-08
5.81999e-08
5.86235e-08
5.90094e-08
5.93572e-08
5.96662e-08
5.99363e-08
6.01669e-08
6.03577e-08
6.05085e-08
6.0619e-08
6.06891e-08
6.07186e-08
6.07074e-08
6.06555e-08
6.05628e-08
6.04293e-08
6.02553e-08
6.00407e-08
5.97858e-08
5.94909e-08
5.9156e-08
5.87817e-08
5.83681e-08
5.79158e-08
5.74251e-08
5.68966e-08
5.63307e-08
5.5728e-08
5.50892e-08
5.44148e-08
5.37055e-08
5.29621e-08
5.21852e-08
5.13758e-08
5.05345e-08
4.96623e-08
4.876e-08
4.78285e-08
4.68687e-08
4.58817e-08
4.48684e-08
4.38299e-08
4.27671e-08
4.16811e-08
4.0573e-08
3.94439e-08
3.82948e-08
3.7127e-08
3.59416e-08
3.47396e-08
3.35224e-08
3.2291e-08
3.10466e-08
2.97904e-08
2.85236e-08
2.72474e-08
2.59629e-08
2.46714e-08
2.33741e-08
2.20722e-08
2.07667e-08
1.9459e-08
1.81501e-08
1.68413e-08
1.55337e-08
1.42283e-08
1.29264e-08
1.16291e-08
1.03374e-08
9.05246e-09
7.77528e-09
6.50692e-09
5.2484e-09
4.00072e-09
2.76485e-09
1.54175e-09
3.32347e-10
-8.62465e-10
-2.04181e-09
-3.20483e-09
-4.35071e-09
-5.47866e-09
-6.58792e-09
-7.67774e-09
-8.74744e-09
-9.79633e-09
-1.08238e-08
-1.18292e-08
-1.28119e-08
-1.37715e-08
-1.47075e-08
-1.56192e-08
-1.65063e-08
-1.73685e-08
-1.82052e-08
-1.90162e-08
-1.98011e-08
-2.05597e-08
-2.12918e-08
-2.1997e-08
-2.26753e-08
-2.33265e-08
-2.39504e-08
-2.4547e-08
-2.51163e-08
-2.56581e-08
-2.61727e-08
-2.66598e-08
-2.71197e-08
-2.75525e-08
-2.79582e-08
-2.8337e-08
-2.86891e-08
-2.90148e-08
-2.93141e-08
-2.95875e-08
-2.98351e-08
-3.00574e-08
-3.02545e-08
-3.04269e-08
-3.05749e-08
-3.0699e-08
-3.07995e-08
-3.08768e-08
-3.09314e-08
-3.09638e-08
-3.09744e-08
-3.09638e-08
-3.09323e-08
-3.08806e-08
-3.08091e-08
-3.07185e-08
-3.06092e-08
-3.04817e-08
-3.03367e-08
-3.01748e-08
-2.99964e-08
-2.98022e-08
-2.95928e-08
-2.93686e-08
-2.91305e-08
-2.88788e-08
-2.86142e-08
-2.83374e-08
-2.80488e-08
-2.7749e-08
-2.74387e-08
-2.71185e-08
-2.67888e-08
-2.64503e-08
-2.61036e-08
-2.57492e-08
-2.53876e-08
-2.50193e-08
-2.46451e-08
-2.42653e-08
-2.38804e-08
-2.34911e-08
-2.30977e-08
-2.27009e-08
-2.2301e-08
-2.18985e-08
-2.14939e-08
-2.10877e-08
-2.06802e-08
-2.0272e-08
-1.98633e-08
-1.94546e-08
-1.90463e-08
-1.86388e-08
-1.82324e-08
-1.78274e-08
-1.74243e-08
-1.70232e-08
-1.66246e-08
-1.62287e-08
-1.58357e-08
-1.54461e-08
-1.50599e-08
-1.46775e-08
-1.42991e-08
-1.39248e-08
-1.3555e-08
-1.31897e-08
-1.28292e-08
-1.24736e-08
-1.21231e-08
-1.17778e-08
-1.14379e-08
-1.11034e-08
-1.07745e-08
-1.04512e-08
-1.01337e-08
-9.82207e-09
-9.5163e-09
-9.21647e-09
-8.92264e-09
-8.63484e-09
-8.35311e-09
-8.07745e-09
-7.80788e-09
-7.5444e-09
-7.28702e-09
-7.03572e-09
-6.79047e-09
-6.55127e-09
-6.31807e-09
-6.09083e-09
-5.86953e-09
-5.6541e-09
-5.44449e-09
-5.24065e-09
-5.04251e-09
-4.85001e-09
-4.66308e-09
-4.48163e-09
-4.3056e-09
-4.1349e-09
-3.96945e-09
-3.80916e-09
-3.65395e-09
-3.50371e-09
-3.35837e-09
-3.21782e-09
-3.08197e-09
-2.95072e-09
-2.82397e-09
-2.70163e-09
-2.58359e-09
-2.46976e-09
-2.36003e-09
-2.25431e-09
-2.15249e-09
-2.05447e-09
-1.96015e-09
-1.86944e-09
-1.78224e-09
-1.69843e-09
-1.61794e-09
-1.54066e-09
-1.4665e-09
-1.39536e-09
-1.32715e-09
-1.26177e-09
-1.19914e-09
-1.13917e-09
-1.08177e-09
-1.02686e-09
-9.74344e-10
-9.24146e-10
-8.76183e-10
-8.30376e-10
-7.86648e-10
-7.44922e-10
-7.05124e-10
-6.67182e-10
-6.31025e-10
-5.96584e-10
-5.63792e-10
-5.32583e-10
-5.02896e-10
-4.74667e-10
-4.47837e-10
-4.22348e-10
-3.98143e-10
-3.75168e-10
-3.53371e-10
-3.32699e-10
-3.13104e-10
-2.94538e-10
-2.76954e-10
-2.60308e-10
-2.44558e-10
-2.29661e-10
-2.15577e-10
-2.02269e-10
-1.89699e-10
-1.77832e-10
-1.66633e-10
-1.5607e-10
-1.46111e-10
-1.36726e-10
-1.27886e-10
-1.19563e-10
-1.11731e-10
-1.04363e-10
-9.74364e-11
-9.09269e-11
-8.48124e-11
-7.90718e-11
-7.36847e-11
-6.86317e-11
-6.38944e-11
-5.94553e-11
-5.52975e-11
-5.14051e-11
-4.7763e-11
-4.43567e-11
-4.11726e-11
-3.81976e-11
-3.54194e-11
-3.28263e-11
-3.04071e-11
-2.81514e-11
-2.60492e-11
-2.4091e-11
-2.22679e-11
-2.05715e-11
-1.89938e-11
-1.75274e-11
-1.6165e-11
-1.48999e-11
-1.37259e-11
-1.26371e-11
-1.16277e-11
-1.06925e-11
-9.82653e-12
-9.02515e-12
-8.28394e-12
-7.5988e-12
-6.96584e-12
-6.38144e-12
-5.8422e-12
-5.34492e-12
-4.88663e-12
-4.46453e-12
-4.076e-12
-3.7186e-12
-3.39005e-12
-3.08822e-12
-2.81111e-12
-2.55688e-12
-2.32379e-12
-2.11024e-12
-1.91471e-12
-1.73583e-12
-1.57228e-12
-1.42287e-12
-1.28648e-12
-1.16207e-12
-1.04867e-12
-9.45389e-13
-8.51406e-13
-7.65952e-13
-6.8832e-13
-6.17854e-13
-5.5395e-13
-4.96049e-13
-4.43638e-13
-3.9624e-13
-3.53419e-13
-3.14772e-13
-2.79928e-13
-2.48547e-13
-2.20317e-13
-1.94951e-13
-1.72184e-13
-1.51776e-13
-1.33507e-13
-1.17173e-13
-1.02591e-13
-8.95911e-14
-7.80195e-14
-6.77359e-14
-5.86124e-14
-5.05323e-14
-4.33899e-14
-3.70889e-14
-3.15419e-14
-2.66699e-14
-2.2401e-14
-1.86704e-14
-1.54194e-14
-1.2595e-14
-1.01496e-14
-8.04004e-15
-6.22766e-15
-4.6777e-15
-3.35896e-15
-2.24349e-15
-1.30627e-15
-5.24951e-16
1.2039e-16
6.47509e-16
1.07219e-15
1.40843e-15
1.66865e-15
1.86379e-15
2.00354e-15
2.09641e-15
2.14986e-15
2.17044e-15
2.16385e-15
2.13506e-15
2.08838e-15
2.02754e-15
1.95573e-15
1.87571e-15
1.78981e-15
1.70001e-15
1.60797e-15
1.5151e-15
1.42253e-15
1.33122e-15
1.24191e-15
1.15521e-15
1.07159e-15
9.91393e-16
9.14871e-16
8.42191e-16
7.73447e-16
7.08675e-16
6.47864e-16
5.90958e-16
5.37874e-16
4.885e-16
4.42704e-16
4.0034e-16
3.61253e-16
3.25276e-16
2.92243e-16
2.61983e-16
2.34327e-16
2.09107e-16
1.86161e-16
1.65329e-16
1.46458e-16
1.29401e-16
1.14017e-16
1.00173e-16
8.7743e-17
7.66079e-17
6.66561e-17
5.7783e-17
4.9891e-17
4.28895e-17
3.66943e-17
3.12276e-17
2.64176e-17
2.21983e-17
1.8509e-17
1.52941e-17
1.25029e-17
1.00893e-17
8.01101e-18
6.23004e-18
4.71182e-18
3.42515e-18
2.34194e-18
1.43692e-18
6.8744e-19
7.32353e-20
-4.2378e-19
-8.19703e-19
-1.12883e-18
-1.36381e-18
-1.53581e-18
-1.65467e-18
-1.72901e-18
-1.76638e-18
-1.77336e-18
-1.75564e-18
-1.71817e-18
-1.66518e-18
-1.60031e-18
-1.52666e-18
-1.44684e-18
-1.36305e-18
-1.27712e-18
-1.19058e-18
-1.10465e-18
-1.02032e-18
-9.38392e-19
-8.5946e-19
-7.83981e-19
-7.12281e-19
-6.44575e-19
-5.8099e-19
-5.21572e-19
-4.66311e-19
-4.15142e-19
-3.67963e-19
-3.2464e-19
-2.85014e-19
-2.48911e-19
-2.16143e-19
-1.86515e-19
-1.59832e-19
-1.35892e-19
-1.14502e-19
-9.54684e-20
-7.86053e-20
-6.37335e-20
-5.06817e-20
-3.92874e-20
-2.93968e-20
-2.08656e-20
-1.35586e-20
-7.34995e-21
-2.123e-21
2.23011e-21
5.80865e-21
8.70367e-21
1.09984e-20
1.27685e-20
1.40829e-20
1.50036e-20
1.55869e-20
1.58829e-20
1.59367e-20
1.57886e-20
1.5474e-20
1.50245e-20
1.44678e-20
1.38282e-20
1.31268e-20
1.2382e-20
1.16095e-20
1.08227e-20
1.0033e-20
9.25005e-21
8.48168e-21
7.73436e-21
7.01327e-21
6.32245e-21
5.66496e-21
5.04299e-21
4.45802e-21
3.91086e-21
3.40178e-21
2.9306e-21
2.49675e-21
2.09935e-21
1.73725e-21
1.40908e-21
1.11335e-21
8.48437e-22
6.12668e-22
4.04289e-22
2.21523e-22
6.25834e-23
-7.43033e-23
-1.90881e-22
-2.88853e-22
-3.69866e-22
-4.35507e-22
-4.87291e-22
-5.26661e-22
-5.54977e-22
-5.73521e-22
-5.83492e-22
-5.86006e-22
-5.82096e-22
-5.72715e-22
-5.58737e-22
-5.40959e-22
-5.20105e-22
-4.96827e-22
-4.7171e-22
-4.45277e-22
-4.17989e-22
-3.90251e-22
-3.62416e-22
-3.34789e-22
-3.07628e-22
-2.81151e-22
-2.55539e-22
-2.30936e-22
-2.07459e-22
-1.85192e-22
-1.64199e-22
-1.44519e-22
-1.26172e-22
-1.09162e-22
-9.34774e-23
-7.90952e-23
-6.59814e-23
-5.40932e-23
-4.33811e-23
-3.37901e-23
-2.52608e-23
-1.77313e-23
-1.11374e-23
-5.41421e-24
-4.96741e-25
3.67946e-24
7.17762e-24
1.00592e-23
1.23837e-23
1.42079e-23
1.55859e-23
1.6569e-23
1.72053e-23
1.75398e-23
1.76142e-23
1.74669e-23
1.71335e-23
1.66461e-23
1.6034e-23
1.53234e-23
1.45379e-23
1.36983e-23
1.2823e-23
1.19281e-23
1.10273e-23
1.01325e-23
9.25365e-24
8.399e-24
7.57526e-24
6.78775e-24
6.04053e-24
5.33655e-24
4.6778e-24
4.06537e-24
3.49966e-24
2.9804e-24
2.5068e-24
2.07761e-24
1.69125e-24
1.34582e-24
1.03921e-24
7.6916e-25
5.33295e-25
3.29177e-25
1.54349e-25
6.36452e-27
-1.17179e-25
-2.1862e-25
-3.00211e-25
-3.64105e-25
-4.12341e-25
-4.46838e-25
-4.69387e-25
-4.8165e-25
-4.85157e-25
-4.81308e-25
-4.71374e-25
-4.56502e-25
-4.37719e-25
-4.15936e-25
-3.91958e-25
-3.66487e-25
-3.4013e-25
-3.13407e-25
-2.86756e-25
-2.60543e-25
-2.35066e-25
-2.10565e-25
-1.87225e-25
-1.65184e-25
-1.44538e-25
-1.25349e-25
-1.07645e-25
-9.14313e-26
-7.66884e-26
-6.338e-26
-5.14549e-26
-4.08507e-26
-3.14961e-26
-2.33139e-26
-1.62228e-26
-1.01392e-26
-4.97909e-27
-6.59081e-28
2.90236e-27
5.78404e-27
8.06137e-27
9.80582e-27
1.10845e-26
1.196e-26
1.249e-26
1.27275e-26
1.27208e-26
1.25134e-26
1.21443e-26
1.16481e-26
1.10554e-26
1.03928e-26
9.68336e-27
8.94682e-27
8.19979e-27
7.45613e-27
6.72717e-27
6.02201e-27
5.34773e-27
4.70965e-27
4.11157e-27
3.55597e-27
3.04418e-27
2.5766e-27
2.15284e-27
1.77185e-27
1.4321e-27
1.13164e-27
8.68233e-28
6.39446e-28
4.42713e-28
2.75403e-28
1.3488e-28
1.85433e-29
-7.61365e-29
-1.51586e-28
-2.1011e-28
-2.53872e-28
-2.84888e-28
-3.05017e-28
-3.15958e-28
-3.19251e-28
-3.16283e-28
-3.08289e-28
-2.96359e-28
-2.8145e-28
-2.64389e-28
-2.45886e-28
-2.26544e-28
-2.06866e-28
-1.87267e-28
-1.68081e-28
-1.49572e-28
-1.31943e-28
-1.15341e-28
-9.98697e-29
-8.55896e-29
-7.25303e-29
-6.06932e-29
-5.00576e-29
-4.0585e-29
-3.22231e-29
-2.49096e-29
-1.8575e-29
-1.31454e-29
-8.54459e-30
-4.69574e-30
-1.52315e-30
1.04671e-30
3.08428e-30
4.65614e-30
5.8246e-30
6.64733e-30
7.17721e-30
7.46225e-30
7.54568e-30
7.46602e-30
7.25732e-30
6.94935e-30
6.5679e-30
6.13509e-30
5.6696e-30
5.18707e-30
4.70033e-30
4.21976e-30
3.75355e-30
3.30795e-30
2.8876e-30
2.49569e-30
2.13421e-30
1.80417e-30
1.50574e-30
1.23845e-30
1.00128e-30
7.92859e-31
6.1148e-31
4.55264e-31
3.22205e-31
2.10239e-31
1.17298e-31
4.13535e-32
-1.95551e-32
-6.72909e-32
-1.03604e-31
-1.30117e-31
-1.48321e-31
-1.59569e-31
-1.65081e-31
-1.65939e-31
-1.63101e-31
-1.57401e-31
-1.49561e-31
-1.40196e-31
-1.29826e-31
-1.18883e-31
-1.07722e-31
-9.66258e-32
-8.58189e-32
-7.54717e-32
-6.5709e-32
-5.66168e-32
-4.82488e-32
-4.06317e-32
-3.37704e-32
-2.76526e-32
-2.22523e-32
-1.75337e-32
-1.34537e-32
-9.96444e-33
-7.01539e-33
-4.555e-33
-2.53201e-33
-8.96533e-34
3.99178e-34
1.40011e-33
2.1481e-33
2.68158e-33
3.03548e-33
3.24116e-33
3.32653e-33
3.31611e-33
3.23127e-33
3.0904e-33
2.90914e-33
2.70062e-33
2.47572e-33
2.2433e-33
2.01046e-33
1.78273e-33
1.56429e-33
1.35821e-33
1.16655e-33
9.90618e-34
8.31033e-34
6.87905e-34
5.60928e-34
4.49483e-34
3.52721e-34
2.69636e-34
1.99119e-34
1.40012e-34
9.11438e-35
5.1361e-35
1.95525e-35
-5.33436e-36
-2.42811e-35
-3.81905e-35
-4.78826e-35
-5.40937e-35
-5.7477e-35
-5.86055e-35
-5.79766e-35
-5.60166e-35
-5.30867e-35
-4.94888e-35
-4.54715e-35
-4.12363e-35
-3.69434e-35
-3.27168e-35
-2.86502e-35
-2.48109e-35
-2.12448e-35
-1.79799e-35
-1.50297e-35
-1.23965e-35
-1.00736e-35
-8.04794e-36
-6.30172e-36
-4.81398e-36
-3.56195e-36
-2.52204e-36
-1.67067e-36
-9.8489e-37
-4.42828e-37
-2.40201e-38
2.90378e-37
5.17473e-37
6.72594e-37
7.693e-37
8.19442e-37
8.3325e-37
8.19447e-37
7.85375e-37
7.37126e-37
6.79679e-37
6.17036e-37
5.52346e-37
4.88027e-37
4.25879e-37
3.67185e-37
3.12803e-37
2.63245e-37
2.18753e-37
1.79354e-37
1.44919e-37
1.152e-37
8.9872e-38
6.85608e-38
5.08658e-38
3.63799e-38
2.47027e-38
1.54517e-38
8.26864e-39
2.82484e-39
-1.17649e-39
-3.99927e-39
-5.87479e-39
-7.00299e-39
-7.55427e-39
-7.67187e-39
-7.47441e-39
-7.05858e-39
-6.50181e-39
-5.86491e-39
-5.19448e-39
-4.52522e-39
-3.88197e-39
-3.28158e-39
-2.73447e-39
-2.24613e-39
-1.8182e-39
-1.44957e-39
-1.13715e-39
-8.76541e-40
-6.62613e-40
-4.8987e-40
-3.52788e-40
-2.46029e-40
-1.64606e-40
-1.03975e-40
-6.00939e-41
-2.94378e-41
-8.99641e-42
3.75353e-42
1.0885e-41
1.40658e-41
1.46077e-41
1.35158e-41
1.15368e-41
9.2046e-42
6.88111e-42
4.79346e-42
3.06581e-42
1.74652e-42
8.30843e-43
2.79164e-43
3.15427e-44
0
0
0
0
0
0
0
0
0
0
0
0
0
0
0
-0
-0
-0
-0
-0
-0
-0
-0
-0
-0
-0
-0
-0
-0
-0
-0
-0
-0
-0
-0
0
0
0
0
0
0
0
0
0
0
0
0
0
0
0
0
0
0
0
0
0
0
0
0
0
0
0
0
0
0
0
0
0
0
0
-0
-0
-0
-0
-0
-0
-0
-0
-0
-0
-0
-0
-0
-0
-0
-0
-0
-0
0
0
0
0
0
0
0
0
0
0
0
0
0
0
0
0
0
0
0
0
0
0
0
0
0
0
0
0
0
0
0
0
0
0
0
-0
-0
-0
-0
-0
-0
-0
-0
-0
-0
-0
-0
-0
-0
-0
-0
-0
0
0
0
0
0
0
0
0
0
0
0
0
0
0
0
0
0
0
0
0
0
0
0
0
0
0
0
0
0
0
0
0
0
0
0
-0
-0
-0
-0
-0
-0
-0
-0
-0
-0
-0
-0
-0
-0
-0
-0
0
0
0
0
0
0
0
0
0
0
0
0
0
0
0
0
0
0
0
0
0
0
0
0
0
0
0
0
0
0
0
0
0
0
0
-0
-0
-0
-0
-0
-0
-0
-0
-0
-0
-0
-0
-0
-0
-0
0
0
0
0
0
0
0
0
0
0
0
0
0
0
0
0
0
0
0
0
0
0
0
0
0
0
0
0
0
0
0
0
0
0
0
-0
-0
-0
-0
-0
-0
-0
-0
-0
-0
-0
-0
-0
-0
0
0
0
0
0
0
0
0
0
0
0
0
0
0
0
0
0
0
0
0
0
0
0
0
0
0
0
0
0
0
0
0
0
0
-0
-0
-0
-0
-0
-0
-0
-0
-0
-0
-0
-0
-0
-0
0
0
0
0
0
0
0
0
0
0
0
0
0
0
0
0
0
0
0
0
0
0
0
0
0
0
0
0
0
0
0
0
0
-0
-0
-0
-0
-0
-0
-0
-0
-0
-0
-0
-0
-0
-0
0
0
0
0
0
0
0
0
0
0
0
0
0
0
0
0
0
0
0
0
0
0
0
0
0
0
0
0
0
0
0
0
-0
-0
-0
-0
-0
-0
-0
-0
-0
-0
-0
-0
-0
-0
0
0
0
0
0
0
0
0
0
0
0
0
0
0
0
0
0
0
0
0
0
0
0
0
0
0
0
0
0
0
0
0
-0
-0
-0
-0
-0
-0
-0
-0
-0
-0
-0
-0
-0
0
0
0
0
0
0
0
0
0
0
0
0
0
0
0
0
0
0
0
0
0
0
0
0
0
0
0
0
0
0
0
-0
-0
-0
-0
-0
-0
-0
-0
-0
-0
-0
-0
-0
-0
0
0
0
0
0
0
0
0
0
0
0
0
0
0
0
0
0
0
0
0
0
0
0
0
0
0
0
0
0
0
-0
-0
-0
-0
-0
-0
-0
-0
-0
-0
-0
-0
-0
0
0
0
0
0
0
0
0
0
0
0
0
0
0
0
0
0
0
0
0
0
0
0
0
0
0
0
0
0
0
-0
-0
-0
-0
-0
-0
-0
-0
-0
-0
-0
-0
-0
-0
0
0
0
0
0
0
0
0
0
0
0
0
0
0
0
0
0
0
0
0
0
0
0
0
0
0
0
0
0
-0
-0
-0
-0
-0
-0
-0
-0
-0
-0
-0
-0
-0
0
0
0
0
0
0
0
0
0
0
0
0
0
0
0
0
0
0
0
0
0
0
0
0
0
0
0
0
-0
-0
-0
-0
-0
-0
-0
-0
-0
-0
-0
-0
-0
-0
0
0
0
0
0
0
0
0
0
0
0
0
0
0
0
0
0
0
0
0
0
0
0
0
0
0
0
0
-0
-0
-0
-0
-0
-0
-0
-0
-0
-0
-0
-0
-0
0
0
0
0
0
0
0
0
0
0
0
0
0
0
0
0
0
0
0
0
0
0
0
0
0
0
0
-0
-0
-0
-0
-0
-0
-0
-0
-0
-0
-0
-0
-0
-0
0
0
0
0
0
0
0
0
0
0
0
0
0
0
0
0
0
0
0
0
0
0
0
0
0
0
-0
-0
-0
-0
-0
-0
-0
-0
-0
-0
-0
-0
-0
-0
0
0
0
0
0
0
0
0
0
0
0
0
0
0
0
0
0
0
0
0
0
0
0
0
0
-0
-0
-0
-0
-0
-0
-0
-0
-0
-0
-0
-0
-0
-0
0
0
0
0
0
0
0
0
0
0
0
0
0
0
0
0
0
0
0
0
0
0
0
0
0
-0
-0
-0
-0
-0
-0
-0
-0
-0
-0
-0
-0
-0
-0
0
0
0
0
0
0
0
0
0
0
0
0
0
0
0
0
0
0
0
0
0
0
0
0
-0
-0
-0
-0
-0
-0
-0
-0
-0
-0
-0
-0
-0
-0
-0
0
0
0
0
0
0
0
0
0
0
0
0
0
0
0
0
0
0
0
0
0
0
0
-0
-0
-0
-0
-0
-0
-0
-0
-0
-0
-0
-0
-0
-0
-0
0
0
0
0
0
0
0
0
0
0
0
0
0
0
0
0
0
0
0
0
0
0
-0
-0
-0
-0
-0
-0
-0
-0
-0
-0
-0
-0
-0
-0
-0
0
0
0
0
0
0
0
0
0
0
0
0
0
0
0
0
0
0
0
0
0
-0
-0
-0
-0
-0
-0
-0
-0
-0
-0
-0
-0
-0
-0
-0
-0
0
0
0
0
0
0
0
0
0
0
0
0
0
0
0
0
0
0
0
0
-0
-0
-0
-0
-0
-0
-0
-0
-0
-0
-0
-0
-0
-0
-0
-0
-0
0
0
0
0
0
0
0
0
0
0
0
0
0
0
0
0
0
0
0
-0
-0
-0
-0
-0
-0
-0
-0
-0
-0
-0
-0
-0
-0
-0
-0
-0
0
0
0
0
0
0
0
0
0
0
0
0
0
0
0
0
0
0
-0
-0
-0
-0
-0
-0
-0
-0
-0
-0
-0
-0
-0
-0
-0
-0
-0
0
0
0
0
0
0
0
0
0
0
0
0
0
0
0
0
0
0
-0
-0
-0
-0
-0
-0
-0
-0
-0
-0
-0
-0
-0
-0
-0
-0
-0
0
0
0
0
0
0
0
0
0
0
0
0
0
0
0
0
0
0
-0
-0
-0
-0
-0
-0
-0
-0
-0
-0
-0
-0
-0
-0
-0
-0
0
0
0
0
0
0
0
0
0
0
0
0
0
0
0
0
0
0
-0
-0
-0
-0
-0
-0
-0
-0
-0
-0
-0
-0
-0
-0
-0
-0
0
0
0
0
0
0
0
0
0
0
0
0
0
0
0
0
0
0
-0
-0
-0
-0
-0
-0
-0
-0
-0
-0
-0
-0
-0
-0
-0
0
0
0
0
0
0
0
0
0
0
0
0
0
0
0
0
0
0
0
-0
-0
-0
-0
-0
-0
-0
-0
-0
-0
-0
-0
-0
-0
0
0
0
0
0
0
0
0
0
0
0
0
0
0
0
0
0
0
0
-0
-0
-0
-0
-0
-0
-0
-0
-0
-0
-0
-0
-0
0
0
0
0
0
0
0
0
0
0
0
0
0
0
0
0
0
0
0
-0
-0
-0
-0
-0
-0
-0
-0
-0
-0
-0
-0
-0
0
0
0
0
0
0
0
0
0
0
0
0
0
0
0
0
0
0
0
0
-0
-0
-0
-0
-0
-0
-0
-0
-0
-0
-0
0
0
0
0
0
0
0
0
0
0
0
0
0
0
0
0
0
0
0
0
0
-0
-0
-0
-0
-0
-0
-0
-0
-0
-0
-0
0
0
0
0
0
0
0
0
0
0
0
0
0
0
0
0
0
0
0
0
-0
-0
-0
-0
-0
-0
-0
-0
-0
-0
0
0
0
0
0
0
0
0
0
0
0
0
0
0
0
0
0
0
0
0
0
-0
-0
-0
-0
-0
-0
-0
-0
-0
-0
0
0
0
0
0
0
0
0
0
0
0
0
0
0
0
0
0
0
0
0
0
-0
-0
-0
-0
-0
-0
-0
-0
0
0
0
0
0
0
0
0
0
0
0
0
0
0
0
0
0
0
0
0
0
0
-0
-0
-0
-0
-0
-0
-0
-0
0
0
0
0
0
0
0
0
0
0
0
0
0
0
0
0
0
0
0
0
0
0
-0
-0
-0
-0
-0
-0
-0
0
0
0
0
0
0
0
0
0
0
0
0
0
0
0
0
0
0
0
0
0
0
-0
-0
-0
-0
-0
-0
-0
0
0
0
0
0
0
0
0
0
0
0
0
0
0
0
0
0
0
0
0
0
0
-0
-0
-0
-0
-0
-0
0
0
0
0
0
0
0
0
0
0
0
0
0
0
0
0
0
0
0
0
0
0
0
-0
-0
-0
-0
-0
0
0
0
0
0
0
0
0
0
0
0
0
0
0
0
0
0
0
0
0
0
0
0
-0
-0
-0
-0
-0
0
0
0
0
0
0
0
0
0
0
0
0
0
0
0
0
0
0
0
0
0
0
0
-0
-0
-0
-0
0
0
0
0
0
0
0
0
0
0
0
0
0
0
0
0
0
0
0
0
0
0
0
0
-0
-0
-0
0
0
0
0
0
0
0
0
0
0
0
0
0
0
0
0
0
0
0
0
0
0
0
0
-0
-0
0
0
0
0
0
0
0
0
0
0
0
0
0
0
0
0
0
0
0
0
0
0
0
0
-0
-0
0
0
0
0
0
0
0
0
0
0
0
0
0
0
0
0
0
0
0
0
0
0
0
0
0
-0
0
0
0
0
0
0
0
0
0
0
0
0
0
0
0
0
0
0
0
0
0
0
0
0
0
0
0
0
0
0
0
0
0
0
0
0
0
0
0
0
0
0
0
0
0
0
0
0
0
0
0
0
0
0
0
0
0
0
0
0
0
0
-0
0
0
0
0
0
0
0
0
0
0
0
0
0
0
0
0
0
0
0
0
0
0
0
-0
-0
0
0
0
0
0
0
0
0
0
0
0
0
0
0
0
0
0
0
0
0
0
0
-0
-0
0
0
0
0
0
0
0
0
0
0
0
0
0
0
0
0
0
0
0
0
0
0
-0
-0
0
0
0
0
0
0
0
0
0
0
0
0
0
0
0
0
0
0
0
0
0
-0
-0
-0
0
0
0
0
0
0
0
0
0
0
0
0
0
0
0
0
0
0
0
0
-0
-0
-0
0
0
0
0
0
0
0
0
0
0
0
0
0
0
0
0
0
0
0
-0
-0
-0
-0
0
0
0
0
0
0
0
0
0
0
0
0
0
0
0
0
0
0
-0
-0
-0
-0
0
0
0
0
0
0
0
0
0
0
0
0
0
0
0
0
0
-0
-0
-0
-0
-0
0
0
0
0
0
0
0
0
0
0
0
0
0
0
0
0
0
-0
-0
-0
-0
-0
0
0
0
0
0
0
0
0
0
0
0
0
0
0
0
-0
-0
-0
-0
-0
-0
0
0
0
0
0
0
0
0
0
0
0
0
0
0
-0
-0
-0
-0
-0
-0
0
0
0
0
0
0
0
0
0
0
0
0
0
0
-0
-0
-0
-0
-0
-0
0
0
0
0
0
0
0
0
0
0
0
0
0
0
-0
-0
-0
-0
-0
-0
0
0
0
0
0
0
0
0
0
0
0
0
-0
-0
-0
-0
-0
-0
-0
0
0
0
0
0
0
0
0
0
0
0
0
-0
-0
-0
-0
-0
-0
0
0
0
0
0
0
0
0
0
0
0
0
0
0
0
0
0
0
0
0
0
0
0
0
0
0
0
0
0
0
0
0
0
0
0
0
0
0
0
0
0
0
0
0
0
0
0
0
0
0
0
0
0
0
0
0
0
0
0
0
0
0
0
0
0
0
0
0
0
0
0
0
0
0
0
0
0
0
0
0
0
0
0
0
0
0
0
0
0
0
0
0
0
0
0
0
0
0
0
0
0
0
0
0
0
0
0
0
0
0
0
0
0
0
0
0
0
0
0
0
0
0
0
0
0
0
0
0
0
0
0
0
0
0
0
0
0
0
0
0
0
0
0
0
0
0
0
0
0
0
0
0
0
0
0
0
0
0
0
0
0
0
0
0
0
0
0
0
0
0
0
0
0
0
0
0
0
0
0
0
0
0
0
0
0
0
0
0
0
0
0
0
0
0
0
0
0
0
0
0
0
0
0
0
0
0
0
0
0
0
0
0
0
0
0
0
0
0
0
0
0
0
0
0
0
0
0
0
0
0
0
0
0
0
0
0
0
0
0
0
0
0
0
0
0
0
0
0
0
0
0
0
0
0
0
0
0
0
0
0
0
0
0
0
0
0
0
0
0
0
0
0
0
0
0
0
0
0
0
0
0
0
0
0
0
0
0
0
0
0
0
0
0
0
0
0
0
0
0
0
0
0
0
0
0
0
0
0
0
0
0
0
0
0
0
0
0
0
0
0
0
0
0
0
0
0
0
0
0
0
0
0
0
0
0
0
0
0
0
0
0
0
