0
-0.115155
-0.0193106
-0.0174815
-0.0146818
-0.0110356
-0.00674994
-0.00210266
0.002587
0.0070033
0.0108854
0.0140717
0.0165226
0.0183137
0.0196017
0.020577
0.0214259
0.0223181
0.0234291
0.0249861
0.0273131
0.0308453
0.0360914
0.0435427
0.053549
0.0662014
0.0812624
0.0981707
0.116122
0.134197
0.1515
0.167262
0.180876
0.191888
0.19995
0.204782
0.206177
0.204049
0.198509
0.189939
0.179036
0.166789
0.154423
0.14331
0.134892
0.130621
0.131898
0.14001
0.155999
0.180482
0.213438
0.254021
0.300501
0.350365
0.400631
0.448288
0.490772
0.52635
0.554284
0.574754
0.588576
0.596829
0.600544
0.600563
0.597607
0.592515
0.586515
0.581403
0.579511
0.583441
0.595642
0.617943
0.651196
0.695142
0.748511
0.8093
0.875137
0.943598
1.0124
1.07949
1.14302
1.20131
1.25287
1.29644
1.33104
1.35605
1.37112
1.37609
1.37086
1.35535
1.32953
1.29373
1.24885
1.20133
1.16441
1.12914
1.09829
1.07528
1.06259
1.06129
1.07092
1.08969
1.11498
1.14391
1.17382
1.20251
1.22818
1.24913
1.26351
1.269
1.26293
1.24253
1.20548
1.15039
1.07723
0.987445
0.883799
0.769986
0.650129
0.528327
0.408314
0.293283
0.185819
0.0878919
0.000824038
-0.0747579
-0.13898
-0.192718
-0.237488
-0.275227
-0.308006
-0.337774
-0.366207
-0.394738
-0.424725
-0.457671
-0.495372
-0.539876
-0.593209
-0.65692
-0.731587
-0.816456
-0.909364
-1.007
-1.10543
-1.20075
-1.28966
-1.36972
-1.43931
-1.49732
-1.54263
-1.57378
-1.58878
-1.58534
-1.56129
-1.51519
-1.44686
-1.35757
-1.25003
-1.12801
-0.995788
-0.857577
-0.717128
-0.577485
-0.440957
-0.309194
-0.183281
-0.0637807
0.049295
0.156538
0.259167
0.358958
0.458083
0.558897
0.663746
0.774862
0.89438
1.02441
1.16711
1.3246
1.49875
1.69076
1.90064
2.12689
2.36634
2.61437
2.86547
3.11395
3.35469
3.58355
3.79757
3.99467
4.17314
4.33115
4.46638
4.57604
4.65724
4.70759
4.72583
4.71227
4.6689
4.59906
4.50689
4.39656
4.27171
4.13506
3.98834
3.83246
3.66775
3.49424
3.31171
3.1197
2.91731
2.70303
2.47473
2.22965
1.96462
1.67626
1.36113
1.01595
0.637572
0.223121
-0.229909
-0.723388
-1.25822
-1.83396
-2.4486
-3.09857
-3.77893
-4.48394
-5.20766
-5.9444
-6.68912
-7.43728
-8.18461
-8.92665
-9.6584
-10.3743
-11.0684
-11.7353
-12.3704
-12.971
-13.5363
-14.0675
-14.567
-15.0376
-15.482
-15.9019
-16.2978
-16.6695
-17.0162
-17.3375
-17.633
-17.9032
-18.1482
-18.3679
-18.5612
-18.7253
-18.8558
-18.9472
-18.9928
-18.9858
-18.9193
-18.7871
-18.5836
-18.304
-17.944
-17.5005
-16.9709
-16.3539
-15.6491
-14.8574
-13.981
-13.0226
-11.9861
-10.876
-9.69764
-8.45729
-7.16245
-5.82178
-4.44494
-3.04211
-1.62327
-0.197476
1.22774
2.64665
4.05513
5.45019
6.82927
8.18961
9.52796
10.8407
12.1241
13.3755
14.5933
15.7776
16.93
18.0526
19.1474
20.215
21.2541
22.2614
23.2313
24.1575
25.0328
25.8506
26.6045
27.2885
27.8962
28.4208
28.854
29.1863
29.4076
29.5073
29.4758
29.3046
28.9875
28.5206
27.9017
27.1307
26.2089
25.1389
23.9246
22.5717
21.0874
19.481
17.7638
15.9491
14.0517
12.0877
10.0746
8.03027
5.97345
3.92309
1.89814
-0.0828908
-2.00246
-3.84445
-5.59446
-7.23994
-8.76997
-10.175
-11.4464
-12.5767
-13.5592
-14.3886
-15.062
-15.5791
-15.9427
-16.1584
-16.2345
-16.1808
-16.0074
-15.7242
-15.3401
-14.8637
-14.3032
-13.6676
-12.9676
-12.2153
-11.4244
-10.609
-9.78266
-8.95696
-8.14109
-7.34157
-6.56282
-5.80817
-5.08096
-4.38531
-3.72637
-3.10989
-2.54134
-2.02473
-1.56177
-1.1515
-0.790652
-0.474536
-0.198293
0.0419786
0.248548
0.422041
0.562062
0.668235
0.741266
0.783668
0.799882
0.795749
0.7775
0.750601
0.718821
0.683824
0.645402
0.60225
0.553009
0.49724
0.435988
0.371796
0.308158
0.248643
0.19597
0.151365
0.114377
0.0832242
0.0555098
0.0290715
0.002679
-0.0236402
-0.0487286
-0.0708096
-0.0881852
-0.099875
-0.105981
-0.107667
-0.106782
-0.105261
-0.104525
-0.105077
-0.106424
-0.107328
-0.106298
-0.102147
-0.0944171
-0.0835448
-0.0707204
-0.0575
-0.0453072
-0.034991
-0.0265821
-0.0193148
-0.0118968
-0.00292855
0.00866709
0.0233393
0.0408136
0.0602221
0.0804005
0.100249
0.119041
0.136589
0.153229
0.169651
0.186639
0.204819
0.224477
0.245517
0.267533
0.289978
0.312338
0.334273
0.355671
0.376607
0.397233
0.417654
0.437826
0.457527
0.476391
0.494014
0.510069
0.524402
0.537071
0.548308
0.558431
0.56771
0.576257
0.58395
0.590429
0.595157
0.597531
0.597006
0.593207
0.585984
0.575423
0.561789
0.545441
0.526733
0.505925
0.483136
0.458325
0.431314
0.401835
0.369585
0.334277
0.295683
0.253656
0.208141
0.159178
0.106897
0.0515091
-0.00670718
-0.0674229
-0.130287
-0.194958
-0.261142
-0.328625
-0.397294
-0.467139
-0.538241
-0.610726
-0.684717
-0.760273
-0.837339
-0.91571
-0.995026
-1.07478
-1.15438
-1.23318
-1.31056
-1.38599
-1.45903
-1.52943
-1.59703
-1.66184
-1.72387
-1.78321
-1.83987
-1.89378
-1.94477
-1.9925
-2.03652
-2.07629
-2.11118
-2.14056
-2.16385
-2.18056
-2.19034
-2.19302
-2.18856
-2.1771
-2.15884
-2.13408
-2.10308
-2.06606
-2.02313
-1.97426
-1.9193
-1.85799
-1.78999
-1.71497
-1.63262
-1.54276
-1.44536
-1.34059
-1.22879
-1.11051
-0.986449
-0.857371
-0.724088
-0.587373
-0.447908
-0.306247
-0.162793
-0.0178091
0.128561
0.27624
0.425162
0.575207
0.72614
0.877567
1.0289
1.17937
1.32801
1.47374
1.6154
1.75182
1.88192
2.00473
2.11946
2.22555
2.32263
2.41054
2.48928
2.55892
2.61959
2.67134
2.71415
2.74787
2.77217
2.78656
2.79042
2.78308
2.7638
2.73196
2.68704
2.62873
2.55699
2.47207
2.3745
2.2651
2.14494
2.01526
1.87738
1.73267
1.58243
1.42786
1.26999
1.10963
0.947438
0.783883
0.619316
0.454024
0.288306
0.122545
-0.0427191
-0.206738
-0.368509
-0.526767
-0.679986
-0.826419
-0.964158
-1.0912
-1.20557
-1.30537
-1.38892
-1.45485
-1.50213
-1.53022
-1.53901
-1.52891
-1.5008
-1.45601
-1.39626
-1.32359
-1.24029
-1.14879
-1.05156
-0.951058
-0.849603
-0.749339
-0.652162
-0.55968
-0.47319
-0.393668
-0.321771
-0.257857
-0.20201
-0.154077
-0.113706
-0.0803881
-0.0535021
-0.0323526
-0.0162079
-0.00433205
0.00398812
0.0094221
0.0125803
0.014004
0.0141602
0.0134411
0.0121658
0.0105859
0.00889194
0.00722164
0.00566794
0.00428746
0.00310838
0.00213749
0.00136655
0.000777432
0.000346416
4.74591e-05
-0.000145397
-0.000256373
-0.000306932
-0.000315267
-0.000296164
-0.000261141
-0.00021876
-0.000175043
-0.000133924
-9.76976e-05
-6.74294e-05
-4.33188e-05
-2.49968e-05
-1.17629e-05
-2.76317e-06
2.88402e-06
6.00527e-06
7.32417e-06
7.43944e-06
6.8214e-06
5.82068e-06
4.6837e-06
3.57138e-06
2.57812e-06
1.74937e-06
1.09683e-06
6.10772e-07
2.69503e-07
4.62316e-08
-8.63161e-08
-1.53065e-07
-1.75121e-07
-1.69254e-07
-1.48023e-07
-1.20257e-07
-9.17129e-08
-6.57732e-08
-4.40959e-08
-2.71707e-08
-1.47643e-08
-6.25387e-09
-8.61826e-10
2.1933e-09
3.60946e-09
3.96032e-09
3.6856e-09
3.10047e-09
2.41473e-09
1.7555e-09
1.18935e-09
7.41651e-10
4.11582e-10
1.85117e-10
4.21966e-11
-3.83121e-11
-7.55361e-11
-8.51504e-11
-7.90082e-11
-6.54143e-11
-4.97175e-11
-3.50047e-11
-2.27627e-11
-1.3439e-11
-6.87538e-12
-2.61766e-12
-1.18326e-13
1.1444e-12
1.60773e-12
1.60521e-12
1.37092e-12
1.05548e-12
7.45888e-13
4.84623e-13
2.85685e-13
1.46804e-13
5.79473e-14
6.71756e-15
-1.85997e-14
-2.76244e-14
-2.74951e-14
-2.30541e-14
-1.72859e-14
-1.18174e-14
-7.36979e-15
-4.11869e-15
-1.95288e-15
-6.43662e-16
5.57388e-17
3.60192e-16
4.34292e-16
3.91993e-16
3.04834e-16
2.12823e-16
1.34783e-16
7.6694e-17
3.77083e-17
1.40641e-17
1.36302e-18
-4.29358e-18
-5.88399e-18
-5.44342e-18
-4.22377e-18
-2.9063e-18
-1.79934e-18
-9.93344e-19
-4.68676e-19
-1.62722e-19
-6.79697e-21
5.69991e-20
7.07252e-20
6.15663e-20
4.51635e-20
2.92892e-20
1.69407e-20
8.57414e-21
3.5331e-21
8.5573e-22
-3.37578e-22
-7.06753e-22
-6.84241e-22
-5.20626e-22
-3.41762e-22
-1.98136e-22
-1.00468e-22
-4.21527e-23
-1.16502e-23
1.733e-24
5.88751e-24
5.82685e-24
4.3356e-24
2.73339e-24
1.50154e-24
7.10064e-25
2.69629e-25
5.93057e-26
-2.12525e-26
-3.92434e-26
-3.30882e-26
-2.14915e-26
-1.17206e-26
-5.41985e-27
-2.03515e-27
-5.14904e-28
2.07889e-29
1.29171e-28
9.89282e-29
5.04152e-29
1.85745e-29
4.37208e-30
3.35143e-31
0
-0
-0
-0
-0
-0
-0
-0
-0
-0
-0
-0
-0
-0
-0
-0
0
-0
-0
-0
-0
-0
-0
-0
-0
-0
-0
-0
-0
-0
-0
0
-0
-0
-0
-0
-0
-0
-0
-0
-0
-0
-0
-0
0
-0
-0
-0
-0
-0
-0
-0
-0
-0
-0
-0
0
-0
-0
-0
-0
-0
-0
-0
-0
-0
-0
0
-0
-0
-0
-0
-0
-0
-0
-0
-0
-0
0
-0
-0
-0
-0
-0
-0
-0
-0
0
-0
-0
-0
-0
-0
-0
-0
-0
-0
0
-0
-0
-0
-0
-0
-0
-0
-0
0
-0
-0
-0
-0
-0
-0
-0
0
-0
-0
-0
-0
-0
-0
0
-0
-0
-0
-0
-0
-0
0
-0
-0
-0
-0
-0
-0
0
-0
-0
-0
-0
0
-0
-0
-0
-0
0
-0
-0
-0
0
-0
-0
0
-0
0
-0
0
-0
0
-0
0
-0
-0
-0
-0
-0
-0
-0
-0
-0
-0
-0
-0
-0
-0
-0
-0
-0
-0
-0
-0
-0
-0
-0
-0
-0
-0
-0
-0
