0
0
0
0
0
0
0
0
0
0
0
0
0
0
0
0
0
0
0
0
0
0
0
0
0
0
0
0
0
0
0
0
0
0
0
0
0
0
0
0
0
0
0
0
0
0
0
0
0
0
0
0
0
0
0
0
0
0
0
0
0
0
0
0
0
0
0
0
0
0
0
0
0
0
0
0
0
0
0
0
0
0
0
0
0
0
0
0
0
0
0
0
0
0
0
0
0
0
0
0
0
0
0
0
0
0
0
0
0
0
0
0
0
0
0
0
0
0
0
0
0
0
0
0
0
0
0
0
0
0
0
0
0
0
0
0
0
0
0
0
0
0
0
0
0
0
0
0
0
0
0
0
0
0
0
0
0
0
0
0
0
0
0
0
0
0
0
0
0
0
0
0
0
0
0
0
0
0
0
0
0
0
0
0
0
0
0
0
0
0
0
0
0
0
0
0
0
0
0
0
0
0
0
0
0
0
0
0
0
0
0
0
0
0
0
0
0
0
0
0
0
0
0
0
0
0
0
0
0
0
0
0
0
0
0
0
0
0
0
0
0
0
-0
-0
-0
-0
-0
-0
-0
-0
-0
-0
-0
-0
-0
-0
-0
-0
-0
-0
-0
-0
-0
-0
-0
-0
-0
-0
-0
-0
-0
-0
-0
-0
-0
-0
-0
-0
-0
-0
-0
-0
-0
-0
-0
-0
-0
-0
-0
-0
-0
-0
-0
-0
-0
-0
-0
-0
-0
-0
-0
-0
-0
-0
-0
-0
-0
-0
-0
-0
-0
0
0
0
0
0
0
0
0
0
0
0
0
0
0
0
0
0
0
0
0
0
0
0
0
0
0
0
0
0
0
0.0025477
0.0156575
0.0385925
0.0696069
0.106719
0.147774
0.190509
0.232638
0.271923
0.306262
0.33376
0.352801
0.362095
0.360727
0.348176
0.324326
0.289465
0.244263
0.18974
0.127223
0.0582883
-0.0153063
-0.0916987
-0.169001
-0.245377
-0.319114
-0.38868
-0.45277
-0.510338
-0.560609
-0.60309
-0.637565
-0.664081
-0.682935
-0.694643
-0.699908
-0.699581
-0.694612
-0.686007
-0.674786
-0.66194
-0.648405
-0.635035
-0.62258
-0.611672
-0.602806
-0.596328
-0.592425
-0.591131
-0.592334
-0.595807
-0.601234
-0.608251
-0.616477
-0.625531
-0.635047
-0.644667
-0.654037
-0.662799
-0.670596
-0.677084
-0.681957
-0.684967
-0.685952
-0.684831
-0.681604
-0.676323
-0.669063
-0.659902
-0.648911
-0.636161
-0.621746
-0.605813
-0.588579
-0.570336
-0.551427
-0.532206
-0.512984
-0.493996
-0.475373
-0.457166
-0.439384
-0.422063
-0.405322
-0.389406
-0.374685
-0.361617
-0.350676
-0.342268
-0.336665
-0.33397
-0.334131
-0.336993
-0.342382
-0.350188
-0.36043
-0.373271
-0.388991
-0.407922
-0.430365
-0.45657
-0.486745
-0.520807
-0.558548
-0.599695
-0.643981
-0.691204
-0.741249
-0.794086
-0.849735
-0.908211
-0.969483
-1.03344
-1.09987
-1.16851
-1.23904
-1.31116
-1.38458
-1.45903
-1.53427
-1.61003
-1.68602
-1.76185
-1.83709
-1.91123
-1.98377
-2.05421
-2.12214
-2.18718
-2.24905
-2.30746
-2.36215
-2.41276
-2.45884
-2.49986
-2.53518
-2.56413
-2.58606
-2.60035
-2.60652
-2.60418
-2.59305
-2.57292
-2.54363
-2.50495
-2.45665
-2.3984
-2.3298
-2.25044
-2.15988
-2.05774
-1.9437
-1.81754
-1.67914
-1.52847
-1.36558
-1.19062
-1.00372
-0.805103
-0.594963
-0.373523
-0.14101
0.102338
0.356266
0.620496
0.894715
1.17856
1.4716
1.77332
2.08313
2.4003
2.72403
3.05344
3.38755
3.72537
4.06589
4.40812
4.75108
5.09385
5.43551
5.77518
6.11193
6.44479
6.77271
7.09456
7.40912
7.71509
8.0111
8.29581
8.56786
8.82595
9.06888
9.29554
9.5049
9.69605
9.86815
10.0204
10.152
10.2622
10.3502
10.4152
10.4564
10.4731
10.4643
10.4296
10.3682
10.2798
10.164
10.0208
9.85032
9.65274
9.42848
9.17804
8.90204
8.60112
8.27598
7.92731
7.55585
7.16236
6.74767
6.31269
5.85848
5.38623
4.89731
4.39331
3.87598
3.34724
2.80915
2.26387
1.71361
1.16058
0.606962
0.0548704
-0.493657
-1.03666
-1.57226
-2.09859
-2.61385
-3.11619
-3.60373
-4.07453
-4.52662
-4.95795
-5.36647
-5.75014
-6.10699
-6.43519
-6.73309
-6.99925
-7.23254
-7.4321
-7.59738
-7.72814
-7.8244
-7.88642
-7.91468
-7.90977
-7.87243
-7.80345
-7.70371
-7.57413
-7.41571
-7.22953
-7.01682
-6.77897
-6.51763
-6.23467
-5.93228
-5.61298
-5.27958
-4.93518
-4.58316
-4.22706
-3.87053
-3.51727
-3.17087
-2.83475
-2.51207
-2.20562
-1.91775
-1.65037
-1.40482
-1.18197
-0.982145
-0.80518
-0.650479
-0.517059
-0.403616
-0.308606
-0.230311
-0.166916
-0.116569
-0.0774499
-0.0478096
-0.0260161
-0.0105809
-0.000177918
0.00634677
0.00997439
0.0115189
0.0116384
0.0108493
0.00954439
0.00801034
0.00644637
0.00498146
0.00369032
0.0026073
0.0017384
0.00107091
0.000581149
0.000240235
1.82266e-05
-0.000113134
-0.000178776
-0.000199516
-0.00019188
-0.000168343
-0.00013781
-0.000106226
-7.72009e-05
-5.26075e-05
-3.31017e-05
-1.85521e-05
-8.3714e-06
-1.77302e-06
2.07534e-06
3.94858e-06
4.5059e-06
4.26825e-06
3.61976e-06
2.82324e-06
2.0426e-06
1.36682e-06
8.32229e-07
4.41398e-07
1.77762e-07
1.62122e-08
-6.9926e-08
-1.04806e-07
-1.081e-07
-9.44886e-08
-7.40205e-08
-5.29168e-08
-3.45142e-08
-2.01621e-08
-9.97549e-09
-3.40726e-09
3.55317e-10
2.14383e-09
2.67666e-09
2.50677e-09
2.01914e-09
1.45475e-09
9.44733e-10
5.44671e-10
2.63791e-10
8.69289e-11
-1.05662e-11
-5.38978e-11
-6.43191e-11
-5.75791e-11
-4.40906e-11
-2.99198e-11
-1.80116e-11
-9.31946e-12
-3.69497e-12
-5.04232e-13
9.94569e-13
1.45521e-12
1.36874e-12
1.0594e-12
7.1416e-13
4.22348e-13
2.12407e-13
8.02446e-14
8.31203e-15
-2.32633e-14
-3.13036e-14
-2.78494e-14
-2.03886e-14
-1.2901e-14
-7.041e-15
-3.13429e-15
-8.83828e-16
1.99232e-16
5.73955e-16
5.84501e-16
4.50811e-16
2.92808e-16
1.62982e-16
7.49848e-17
2.4061e-17
-5.53171e-19
-9.34127e-18
-1.01291e-17
-7.81239e-18
-4.97178e-18
-2.67925e-18
-1.17943e-18
-3.5271e-19
2.07818e-20
1.38793e-19
1.38582e-19
9.92642e-20
5.82824e-20
2.85135e-20
1.09589e-20
2.39608e-21
-8.46134e-22
-1.50476e-21
-1.20337e-21
-7.2554e-22
-3.55776e-22
-1.39581e-22
-3.806e-23
-1.29026e-24
6.62405e-24
5.16785e-24
2.48311e-24
8.21329e-25
1.63586e-25
9.78504e-27
0
-0
-0
-0
-0
-0
-0
-0
0
0
0
0
0
0
0
-0
-0
-0
-0
-0
-0
-0
0
0
0
0
0
0
-0
-0
-0
-0
-0
-0
-0
0
0
0
0
0
0
-0
-0
-0
-0
-0
-0
0
0
0
0
0
0
-0
-0
-0
-0
-0
-0
0
0
0
0
0
0
-0
-0
-0
-0
-0
0
0
0
0
0
0
-0
-0
-0
-0
-0
0
0
0
0
0
0
-0
-0
-0
-0
-0
0
0
0
0
0
-0
-0
-0
-0
-0
0
0
0
0
0
-0
-0
-0
-0
-0
0
0
0
0
-0
-0
-0
-0
-0
0
0
0
0
-0
-0
-0
-0
-0
0
0
0
0
-0
-0
-0
-0
0
0
0
0
-0
-0
-0
-0
0
0
0
0
-0
-0
-0
0
0
0
0
-0
-0
-0
0
0
0
-0
-0
-0
-0
0
0
0
-0
-0
0
0
0
-0
-0
-0
0
0
-0
-0
0
0
-0
-0
0
0
-0
-0
0
-0
0
-0
0
-0
0
-0
0
-0
0
-0
0
0
0
0
0
0
0
0
0
0
0
0
0
0
0
0
0
0
0
0
0
0
0
0
0
0
0
0
0
0
0
0
0
0
