0
-0
-0
-0
-0
-0
-0
-0
-0
-0
-0
-0
-0
-0
-0
-0
-0
-0
-0
-0
-0
-0
-0
-0
-0
-0
-0
-0
-0
-0
-0
-0
-0
-0
1.43931e-05
0.00153738
0.00411071
0.00665634
0.00905731
0.0112049
0.0130195
0.0144628
0.0155408
0.0162987
0.0168129
0.017184
0.01753
0.0179773
0.0186418
0.0195975
0.0208329
0.0222083
0.0234295
0.0240554
0.0235503
0.021375
0.0171001
0.0105104
0.00167308
-0.00905104
-0.0210566
-0.0335892
-0.0458638
-0.0571808
-0.0670207
-0.0751104
-0.0814617
-0.0863855
-0.0904796
-0.094585
-0.0997012
-0.106859
-0.116961
-0.130628
-0.148083
-0.169111
-0.193123
-0.219295
-0.246745
-0.274685
-0.302498
-0.3297
-0.35584
-0.380362
-0.402536
-0.421498
-0.436431
-0.446836
-0.452807
-0.455212
-0.455683
-0.456405
-0.459733
-0.467734
-0.48178
-0.502286
-0.528651
-0.559376
-0.592323
-0.625013
-0.654919
-0.679709
-0.697446
-0.706762
-0.707018
-0.698419
-0.682054
-0.659797
-0.634052
-0.607352
-0.581907
-0.559217
-0.53986
-0.52354
-0.509361
-0.49625
-0.483351
-0.470272
-0.45707
-0.444001
-0.431137
-0.418015
-0.403469
-0.385747
-0.362888
-0.333238
-0.295953
-0.2513
-0.200678
-0.146358
-0.0910336
-0.0373275
0.012599
0.057269
0.0956541
0.1194
0.133601
0.143247
0.149627
0.154345
0.159206
0.165995
0.176162
0.190479
0.208794
0.229973
0.252098
0.272895
0.290256
0.302734
0.309819
0.311937
0.310169
0.305808
0.299907
0.292989
0.284997
0.275484
0.263952
0.25018
0.234418
0.217366
0.199956
0.183036
0.167075
0.152014
0.13729
0.122024
0.105265
0.0861872
0.0641723
0.0387683
0.00957862
-0.0238144
-0.0618127
-0.104621
-0.151975
-0.202882
-0.255515
-0.307353
-0.355563
-0.397565
-0.431594
-0.4571
-0.474853
-0.486712
-0.495137
-0.502592
-0.51103
-0.521579
-0.534512
-0.549435
-0.565591
-0.582146
-0.598349
-0.613543
-0.62707
-0.638147
-0.645819
-0.649017
-0.646713
-0.638091
-0.622649
-0.600174
-0.570585
-0.533725
-0.489206
-0.436404
-0.374659
-0.303618
-0.223612
-0.135903
-0.0426568
0.0533916
0.149526
0.243725
0.335215
0.424709
0.514255
0.606711
0.705003
0.811405
0.927012
1.05157
1.18367
1.3212
1.46186
1.60371
1.74538
1.88618
2.02593
2.16482
2.30315
2.44126
2.57943
2.71785
2.85654
2.99524
3.13325
3.26937
3.40187
3.52876
3.64811
3.75844
3.8591
3.95031
4.03298
4.10825
4.17682
4.23846
4.29169
4.33389
4.36184
4.37245
4.36358
4.33466
4.28686
4.22283
4.14608
4.06016
3.9679
3.87084
3.76915
3.66174
3.54672
3.42186
3.28494
3.13404
2.96754
2.78417
2.58289
2.36299
2.12414
1.86654
1.59095
1.29867
0.99137
0.67084
0.338795
-0.00320261
-0.353631
-0.710739
-1.07222
-1.43497
-1.7951
-2.14824
-2.49012
-2.81726
-3.12763
-3.42098
-3.69883
-3.96402
-4.22
-4.47004
-4.71656
-4.96077
-5.20267
-5.44127
-5.67496
-5.90185
-6.11992
-6.32698
-6.5205
-6.69743
-6.85419
-6.98679
-7.09121
-7.16381
-7.20176
-7.20321
-7.16728
-7.0938
-6.98301
-6.83527
-6.65107
-6.43112
-6.17681
-5.89055
-5.57605
-5.23826
-4.88299
-4.51621
-4.14327
-3.76818
-3.3932
-3.01883
-2.64408
-2.26711
-1.88585
-1.49851
-1.10392
-0.70159
-0.291612
0.125489
0.548863
0.977337
1.40933
1.84272
2.27485
2.70253
3.12224
3.5303
3.92305
4.29682
4.64775
4.97152
5.26311
5.51676
5.72623
5.88543
5.98925
6.03448
6.02047
5.94941
5.82598
5.65659
5.44833
5.20792
4.94089
4.65138
4.34235
4.01631
3.67614
3.32579
2.97064
2.61731
2.27309
1.94509
1.63937
1.36025
1.11009
0.889355
0.697031
0.531183
0.389458
0.26944
0.168825
0.0854449
0.0172384
-0.0377604
-0.0813661
-0.115145
-0.140343
-0.157904
-0.168632
-0.173464
-0.173765
-0.171527
-0.169363
-0.170235
-0.176968
-0.191672
-0.215258
-0.247201
-0.285663
-0.327958
-0.37123
-0.413146
-0.452406
-0.488914
-0.523579
-0.557825
-0.592988
-0.629816
-0.6682
-0.707242
-0.745566
-0.781761
-0.814749
-0.84396
-0.869239
-0.890552
-0.907642
-0.919783
-0.925801
-0.924362
-0.91446
-0.895925
-0.869731
-0.837944
-0.80326
-0.768237
-0.734443
-0.701788
-0.668312
-0.630525
-0.584269
-0.525863
-0.45321
-0.366531
-0.26847
-0.163517
-0.0569004
0.0467739
0.144715
0.236655
0.324851
0.413393
0.507014
0.609746
0.723799
0.84897
0.982718
1.12085
1.25858
1.39168
1.51738
1.63471
1.74443
1.84845
1.94898
2.04783
2.14584
2.24274
2.33734
2.42799
2.51298
2.59092
2.66084
2.72206
2.77391
2.81545
2.84536
2.86198
2.86368
2.84921
2.81815
2.77111
2.70962
2.63578
2.55161
2.4584
2.35616
2.24344
2.11743
1.9746
1.81139
1.62512
1.4146
1.18049
0.925156
0.652202
0.365669
0.0692021
-0.234674
-0.544979
-0.862333
-1.18863
-1.52646
-1.87839
-2.2463
-2.63087
-3.0314
-3.44582
-3.87101
-4.30322
-4.73854
-5.17339
-5.60479
-6.03061
-6.44955
-6.86115
-7.2655
-7.66309
-8.05446
-8.43993
-8.81929
-9.19162
-9.55509
-9.90693
-10.2436
-10.561
-10.8547
-11.1209
-11.356
-11.5579
-11.7252
-11.8583
-11.9579
-12.0259
-12.0637
-12.0726
-12.0528
-12.0034
-11.9222
-11.8061
-11.6514
-11.4542
-11.2113
-10.9204
-10.5805
-10.1923
-9.75768
-9.27977
-8.76234
-8.20931
-7.62422
-7.00981
-6.3678
-5.69874
-5.0022
-4.27707
-3.52202
-2.73596
-1.91859
-1.07075
-0.194715
0.705773
1.62563
2.55875
3.49848
4.4381
5.37143
6.2932
7.19936
8.08721
8.95525
9.80291
10.6301
11.4366
12.2217
12.9836
13.7193
14.4241
15.0923
15.7171
16.2912
16.8075
17.2595
17.6419
17.9511
18.1851
18.3438
18.4286
18.4419
18.3868
18.2662
18.0829
17.8382
17.5327
17.1655
16.7345
16.2372
15.6707
15.0325
14.3211
13.5365
12.6806
11.7574
10.7732
9.73598
8.65541
7.542
6.4066
5.25973
4.11101
2.9687
1.83945
0.728237
-0.361486
-1.42745
-2.46809
-3.48195
-4.46711
-5.42064
-6.33815
-7.21356
-8.03899
-8.80496
-9.5007
-10.1147
-10.6355
-11.0522
-11.3553
-11.5377
-11.5948
-11.5254
-11.3317
-11.0194
-10.5976
-10.0785
-9.4766
-8.8085
-8.09181
-7.34459
-6.58457
-5.8285
-5.09157
-4.38695
-3.72549
-3.11554
-2.56289
-2.0709
-1.64064
-1.27117
-0.95988
-0.702849
-0.495182
-0.331376
-0.205638
-0.112162
-0.0453539
-1.2889e-05
0.0285499
0.0444348
0.0511227
0.05148
0.0477912
0.041812
0.0348353
0.027763
0.0211793
0.0154195
0.0106335
0.00683973
0.00397111
0.00191066
0.00051888
-0.000346758
-0.000819064
-0.00101364
-0.00102551
-0.00092872
-0.000777789
-0.000610393
-0.000450467
-0.000311394
-0.000198928
-0.0001137
-5.32382e-05
-1.34858e-05
1.01249e-05
2.19789e-05
2.58853e-05
2.49046e-05
2.13273e-05
1.67443e-05
1.21656e-05
8.1542e-06
4.95374e-06
2.59918e-06
1.00423e-06
2.56038e-08
-4.93789e-07
-6.98848e-07
-7.0921e-07
-6.15173e-07
-4.79174e-07
-3.4023e-07
-2.19451e-07
-1.25442e-07
-5.89294e-08
-1.63486e-08
7.63499e-09
1.85213e-08
2.10972e-08
1.90727e-08
1.50456e-08
1.06466e-08
6.76016e-09
3.7519e-09
1.6657e-09
3.75295e-10
-3.11446e-10
-5.88788e-10
-6.20419e-10
-5.27841e-10
-3.91426e-10
-2.5775e-10
-1.4884e-10
-7.09326e-11
-2.16858e-11
5.13036e-12
1.65304e-11
1.86442e-11
1.60656e-11
1.18155e-11
7.61203e-12
4.2401e-12
1.90065e-12
4.85323e-13
-2.35923e-13
-5.04078e-13
-5.17687e-13
-4.16605e-13
-2.86193e-13
-1.70122e-13
-8.4577e-14
-3.02398e-14
-8.27974e-16
1.16665e-14
1.43041e-14
1.22259e-14
8.63846e-15
5.224e-15
2.64811e-15
9.99779e-16
1.06234e-16
-2.75552e-16
-3.6248e-16
-3.10972e-16
-2.16526e-16
-1.27577e-16
-6.21413e-17
-2.17283e-17
-8.93366e-19
7.2602e-18
8.52727e-18
6.85195e-18
4.48347e-18
2.45504e-18
1.07261e-18
2.86698e-19
-7.47159e-20
-1.85724e-19
-1.76146e-19
-1.2544e-19
-7.35237e-20
-3.51932e-20
-1.21158e-20
-7.44007e-22
3.38695e-21
3.8501e-21
2.91707e-21
1.76936e-21
8.7569e-22
3.24515e-22
4.77163e-23
-5.70298e-23
-7.41621e-23
-5.75086e-23
-3.48452e-23
-1.70664e-23
-6.24504e-24
-9.40917e-25
9.92208e-25
1.27324e-24
9.5562e-25
5.55089e-25
2.57096e-25
8.57352e-26
7.63331e-27
-1.74438e-26
-1.87869e-26
-1.28402e-26
-6.8159e-27
-2.81601e-27
-7.51674e-28
6.53928e-29
2.58133e-28
2.15736e-28
1.26605e-28
5.76712e-29
1.91895e-29
2.64338e-30
-2.27779e-30
-2.52221e-30
-1.57472e-30
-7.30728e-31
-2.51157e-31
-4.81646e-32
1.16069e-32
1.70107e-32
9.81405e-33
3.81002e-33
9.79198e-34
1.05164e-34
-2.38732e-35
-2.89247e-36
-0
-0
-0
-0
-0
-0
-0
-0
-0
0
-0
-0
-0
-0
-0
-0
-0
-0
-0
-0
-0
0
-0
-0
-0
-0
-0
-0
-0
-0
-0
-0
0
-0
-0
-0
-0
-0
-0
-0
-0
-0
-0
0
-0
-0
-0
-0
-0
-0
-0
-0
-0
0
-0
-0
-0
-0
-0
-0
-0
-0
-0
0
-0
-0
-0
-0
-0
-0
-0
-0
0
-0
-0
-0
-0
-0
-0
-0
-0
0
-0
-0
-0
-0
-0
-0
-0
-0
0
-0
-0
-0
-0
-0
-0
-0
0
-0
-0
-0
-0
-0
-0
-0
0
-0
-0
-0
-0
-0
-0
0
-0
-0
-0
-0
-0
0
-0
-0
-0
-0
-0
-0
0
-0
-0
-0
-0
0
-0
-0
-0
-0
0
-0
-0
-0
0
-0
-0
-0
0
-0
-0
0
-0
0
-0
0
-0
0
-0
0
-0
0
-0
-0
-0
-0
-0
-0
-0
-0
-0
-0
-0
-0
-0
-0
-0
-0
-0
-0
-0
-0
-0
-0
-0
-0
-0
-0
-0
-0
-0
-0
-0
-0
-0
