-0.0913735
-0.100912
-0.110701
-0.120562
-0.130276
-0.139586
-0.148214
-0.155883
-0.16234
-0.167371
-0.170828
-0.172642
-0.172831
-0.171508
-0.168871
-0.165194
-0.160808
-0.156071
-0.151343
-0.146953
-0.143168
-0.140168
-0.138019
-0.136667
-0.135924
-0.135479
-0.134914
-0.133721
-0.131343
-0.127207
-0.12077
-0.11156
-0.0992148
-0.0835185
-0.0644266
-0.0420801
-0.0168072
0.0108889
0.0403557
0.0708305
0.10149
0.131506
0.160107
0.186642
0.21063
0.231811
0.250179
0.265998
0.279799
0.292365
0.304682
0.317892
0.333214
0.351876
0.375022
0.403641
0.438493
0.480051
0.528469
0.583562
0.644818
0.711429
0.782353
0.856383
0.932238
1.00866
1.08453
1.1589
1.23115
1.30099
1.3685
1.43416
1.4988
1.56357
1.62985
1.69915
1.77305
1.85303
1.9404
2.03619
2.14106
2.25528
2.37863
2.51049
2.65032
2.79762
2.95092
3.10859
3.26893
3.43027
3.59108
3.75005
3.9062
4.05888
4.20786
4.35328
4.49567
4.63587
4.77501
4.91437
5.05528
5.19908
5.34696
5.49985
5.65841
5.82289
5.99313
6.16855
6.34813
6.53048
6.71391
6.89647
7.07609
7.25067
7.41818
7.57678
7.72491
7.86136
7.98532
8.09645
8.19479
8.28086
8.35549
8.41983
8.47522
8.52311
8.56491
8.60195
8.63532
8.66581
8.69386
8.7195
8.74234
8.7616
8.77614
8.78451
8.78509
8.77614
8.75593
8.72288
8.67561
8.61312
8.53478
8.44047
8.33054
8.20587
8.06781
7.91812
7.75893
7.59261
7.42167
7.24864
7.07597
6.9059
6.74037
6.58095
6.42881
6.28465
6.14874
6.02095
5.90081
5.7876
5.68043
5.57837
5.48055
5.38631
5.29525
5.20736
5.12304
5.04319
4.96918
4.90282
4.84635
4.80233
4.77355
4.76291
4.77331
4.80749
4.86794
4.95679
5.07568
5.22571
5.40741
5.62072
5.865
6.13908
6.44133
6.76976
7.12216
7.49615
7.88938
8.29958
8.72472
9.16307
9.61326
10.0743
10.5457
11.0271
11.5188
12.021
12.5344
13.0593
13.5963
14.1454
14.7066
15.279
15.8615
16.4522
17.0487
17.6478
18.2457
18.838
19.4199
19.9864
20.5318
21.0508
21.5378
21.9877
22.3955
22.7567
23.0673
23.3239
23.5237
23.6646
23.7449
23.7634
23.7194
23.6125
23.4424
23.2089
22.9117
22.5503
22.1241
21.6319
21.0722
20.4431
19.7424
18.9675
18.1154
17.1833
16.1682
15.0671
13.8776
12.5975
11.2254
9.76041
8.20273
6.55329
4.81408
2.98803
1.07908
-0.907962
-2.96743
-5.09294
-7.27757
-9.51392
-11.7943
-14.1111
-16.4564
-18.8227
-21.2028
-23.5896
-25.9768
-28.3581
-30.7281
-33.0813
-35.4128
-37.718
-39.9921
-42.2304
-44.4282
-46.5801
-48.6808
-50.724
-52.7033
-54.6112
-56.4398
-58.1807
-59.8248
-61.3626
-62.7843
-64.0798
-65.2393
-66.2529
-67.1114
-67.8061
-68.3291
-68.6735
-68.8335
-68.8047
-68.5838
-68.1691
-67.5604
-66.7586
-65.766
-64.5864
-63.2243
-61.6854
-59.9763
-58.1038
-56.0756
-53.8995
-51.5834
-49.1354
-46.5633
-43.8748
-41.0776
-38.1791
-35.1864
-32.1067
-28.9472
-25.7152
-22.418
-19.0637
-15.6606
-12.2178
-8.74519
-5.25353
-1.75458
1.73891
5.21314
8.65331
12.0437
15.3678
18.6084
21.7479
24.7683
27.6518
30.3807
32.9382
35.3079
37.475
39.4259
41.1487
42.6336
43.8728
44.861
45.595
46.0746
46.3017
46.2811
46.0199
45.5275
44.8156
43.898
42.7902
41.5092
40.0733
38.5017
36.8144
35.0317
33.1739
31.261
29.3128
27.3481
25.3847
23.4393
21.5275
19.6629
17.8581
16.1236
14.4684
12.9
11.4241
10.0447
8.76437
7.58438
6.50455
5.52356
4.63903
3.84767
3.14542
2.52761
1.98905
1.52423
1.12736
0.792588
0.513998
0.285776
0.102259
-0.0419894
-0.152129
-0.232994
-0.289067
-0.324455
-0.342878
-0.347668
-0.341773
-0.327769
-0.307876
-0.28398
-0.257656
-0.230194
-0.20263
-0.175769
-0.150217
-0.126407
-0.104623
-0.0850278
-0.0676837
-0.0525727
-0.0396153
-0.0286865
-0.0196295
-0.0122679
-0.00641491
-0.00188172
0.00151646
0.00395561
0.00559951
0.00659745
0.00708295
0.00717324
0.00696933
0.00655668
0.00600613
0.0053751
0.004709
0.00404261
0.00340161
0.00280392
0.00226106
0.00177941
0.00136125
0.00100578
0.000709972
0.000469234
0.000278032
0.000130348
2.00485e-05
-5.88382e-05
-0.000111926
-0.000144341
-0.000160641
-0.000164786
-0.000160135
-0.000149472
-0.000135048
-0.000118632
-0.00010157
-8.4847e-05
-6.91455e-05
-5.49005e-05
-4.23519e-05
-3.15893e-05
-2.25916e-05
-1.52603e-05
-9.44638e-06
-4.97235e-06
-1.64901e-06
7.12057e-07
2.28962e-06
3.24699e-06
3.72862e-06
3.85869e-06
3.74099e-06
3.45992e-06
3.08212e-06
2.65849e-06
2.22636e-06
1.81119e-06
1.43018e-06
1.09348e-06
8.05634e-07
5.67018e-07
3.75154e-07
2.25723e-07
1.13388e-07
3.24128e-08
-2.2882e-08
-5.78146e-08
-7.715e-08
-8.50016e-08
-8.4801e-08
-7.93182e-08
-7.07127e-08
-6.06058e-08
-5.01603e-08
-4.01627e-08
-3.11008e-08
-2.32343e-08
-1.66556e-08
-1.13416e-08
-7.19438e-09
-4.07351e-09
-1.82004e-09
-2.73315e-10
7.17672e-10
1.28761e-09
1.55154e-09
1.60398e-09
1.51982e-09
1.35612e-09
1.15462e-09
9.44306e-10
7.44052e-10
5.64933e-10
4.12313e-10
2.87566e-10
1.89456e-10
1.15207e-10
6.1288e-11
2.39617e-11
-3.50268e-13
-1.48546e-11
-2.22806e-11
-2.48506e-11
-2.43014e-11
-2.19348e-11
-1.86835e-11
-1.51801e-11
-1.18243e-11
-8.84217e-12
-6.33643e-12
-4.32736e-12
-2.78417e-12
-1.64829e-12
-8.49649e-13
-3.17483e-13
1.31957e-14
1.98236e-13
2.83154e-13
3.03338e-13
2.85075e-13
2.46969e-13
2.01466e-13
1.56314e-13
1.15841e-13
8.20111e-14
5.52614e-14
3.51236e-14
2.0668e-14
1.07996e-14
4.44316e-15
6.44285e-16
-1.3855e-15
-2.26089e-15
-2.4364e-15
-2.2307e-15
-1.85442e-15
-1.43704e-15
-1.05029e-15
-7.27231e-16
-4.76869e-16
-2.94633e-16
-1.69542e-16
-8.87131e-17
-3.99431e-17
-1.29546e-17
2.06159e-19
5.26807e-18
6.07869e-18
5.03045e-18
3.47345e-18
2.06621e-18
1.04703e-18
4.27575e-19
1.19834e-19
1.14023e-20
0
0
0
0
0
-0
-0
-0
-0
-0
-0
-0
-0
-0
-0
-0
-0
-0
0
0
0
0
0
0
0
0
0
0
0
0
0
0
-0
-0
-0
-0
-0
-0
-0
-0
-0
-0
-0
-0
-0
0
0
0
0
0
0
0
0
0
0
0
0
-0
-0
-0
-0
-0
-0
-0
-0
-0
-0
-0
-0
-0
0
0
0
0
0
0
0
0
0
0
0
0
-0
-0
-0
-0
-0
-0
-0
-0
-0
-0
-0
-0
0
0
0
0
0
0
0
0
0
0
0
-0
-0
-0
-0
-0
-0
-0
-0
-0
-0
-0
0
0
0
0
0
0
0
0
0
0
0
-0
-0
-0
-0
-0
-0
-0
-0
-0
-0
-0
0
0
0
0
0
0
0
0
0
0
0
-0
-0
-0
-0
-0
-0
-0
-0
-0
-0
0
0
0
0
0
0
0
0
0
0
-0
-0
-0
-0
-0
-0
-0
-0
-0
-0
0
0
0
0
0
0
0
0
0
0
-0
-0
-0
-0
-0
-0
-0
-0
-0
0
0
0
0
0
0
0
0
0
0
-0
-0
-0
-0
-0
-0
-0
-0
-0
0
0
0
0
0
0
0
0
0
-0
-0
-0
-0
-0
-0
-0
-0
-0
0
0
0
0
0
0
0
0
-0
-0
-0
-0
-0
-0
-0
-0
-0
0
0
0
0
0
0
0
0
-0
-0
-0
-0
-0
-0
-0
-0
0
0
0
0
0
0
0
0
-0
-0
-0
-0
-0
-0
-0
-0
0
0
0
0
0
0
0
-0
-0
-0
-0
-0
-0
-0
-0
0
0
0
0
0
0
0
-0
-0
-0
-0
-0
-0
-0
0
0
0
0
0
0
-0
-0
-0
-0
-0
-0
-0
0
0
0
0
0
0
-0
-0
-0
-0
-0
-0
-0
0
0
0
0
0
-0
-0
-0
-0
-0
-0
0
0
0
0
0
0
-0
-0
-0
-0
-0
0
0
0
0
0
-0
-0
-0
-0
-0
0
0
0
0
-0
-0
-0
-0
0
0
0
0
-0
-0
-0
-0
0
0
0
-0
-0
-0
0
0
0
-0
-0
0
0
-0
0
-0
0
-0
0
-0
0
0
0
0
0
0
0
0
0
0
0
0
0
0
0
0
0
0
0
0
0
0
0
0
0
0
0
0
0
0
0
0
0
0
