0
0
0
0
0
0
0
0
0
0
0
0
0
0
0
-0
-0
-0
-0
-0
-0
-0
-0
-0
-0
-0
-0
-0
-0
-0
-0
-0
-0
-0
-0
-0
-0
-0
-0
-0
-0
-0
-0
-0
-0
-0
-0
-0
-0
-0
-0
-0
-0
-0
-0
-0
-0
-0
-0
-0
-0
-0
-0
-0
-0
-0
-0
-0
-0
-0
-0
-0
-0
-0
-0
-0
-0
-0
-0
-0
-0
-0
-0
-0
-0
-0
-0
-0
-0
-0
-0
-0
-0
-0
-0
-0
-0
-0
-0
-0
-0
-0
-0
-0
-0
-0
-0
-0
-0
-0
-0
-0
-0
-0
-0
-0
-0
-0
-0
-0
-0
-0
-0
-0
-0
-0
-0
-0
-0
-0
-0
-0
-0
-0
-0
-0
-0
-0
-0
-0
-0
-0
-0
-0
-0
-0
-0
-0
-0
-0
-0
-0
-0
-0
-0
-0
-0
-0
-0
-0
-0
-0
-0
-0
-0
-0
-0
-0
-0
-0
-0
-0
-0
-0
-0
-0
-0
-0
-0
-0
-0
-0
-0
-0
-0
-0
-0
-0
-0
-0
-0
-0
-0
-0
-0
-0
-0
-0
-0
-0
-0
-0
-0
-0
-0
-0
-0
-0
-0
-0
-0
-0
-0
-0
-0
-0
-0
-0
-0
-0
-0
-0
-0
-0
-0
-0
-0
-0
-0
-0
-0
-0
-0
-0
-0
-0
-0
-0
-0
-0
-0
-0
-0
-0
-0
-0
-0
-0
-0
-0
-0
-0
-0
-0
0
0
0
0
0
0
0
0
0
0
0
0
0
0
0
0
0
0
0
0
0
0
0
0
0
0
0
0
0
0
0
0
0
0
0
0
0
0
0
0
0
0
0
0
0
0
0
0
0
0
0
0
0
0
0
0
0
0
0
0
0
0
0
0
0
0
0
0
0
0
0
0
0
0
0
0
0
-0
-0
-0
-0
-0
-0
-0
-0
-0
-0
-0
-0
-0
-0
-0
-0
-0
-0
-0
-0
-0
-0
-0
-0
-0
-0
-0
-0
-0
-0
-0
-0
-0
-0
-0
-0
-0
-0
-0
-0
-0
-0
-0
-0
-0
-0
-0
-0
-0
-0
-0
-0
-0
-0
0
0
0
0
0
0
0
0
0
0.000476072
0.00316888
0.00846603
0.0165072
0.0273086
0.0407727
0.0567005
0.0748053
0.0947285
0.116055
0.13833
0.161072
0.183792
0.206006
0.227247
0.247083
0.265122
0.281025
0.29451
0.305359
0.313423
0.318623
0.320956
0.320497
0.31739
0.311848
0.304132
0.294541
0.283385
0.270978
0.257624
0.243622
0.229273
0.214894
0.200827
0.187444
0.175141
0.164323
0.155385
0.14869
0.144566
0.143297
0.145143
0.150345
0.15914
0.171758
0.188404
0.209237
0.234341
0.263713
0.297266
0.334866
0.376378
0.421737
0.470996
0.52436
0.582176
0.644899
0.71302
0.786997
0.867187
0.953809
1.04694
1.14651
1.25238
1.36431
1.482
1.60509
1.73313
1.86555
2.0017
2.14084
2.28219
2.42505
2.56881
2.71305
2.85751
3.00207
3.14663
3.29108
3.43511
3.5782
3.71954
3.85807
3.9925
4.1214
4.24327
4.35657
4.45979
4.55143
4.63009
4.69441
4.74318
4.77534
4.79004
4.78669
4.76498
4.72481
4.6663
4.58964
4.49568
4.38598
4.26039
4.11847
3.95962
3.78306
3.58796
3.37346
3.13877
2.8832
2.60622
2.30748
1.98685
1.64442
1.28054
0.895839
0.491188
0.0677101
-0.373278
-0.830326
-1.30193
-1.7866
-2.28295
-2.78972
-3.30583
-3.83034
-4.36244
-4.9014
-5.44653
-5.99707
-6.5522
-7.11096
-7.67219
-8.23454
-8.79642
-9.35597
-9.9111
-10.4595
-10.9986
-11.5257
-12.038
-12.5329
-13.0075
-13.4595
-13.8864
-14.2864
-14.6577
-14.9988
-15.3086
-15.5862
-15.8309
-16.042
-16.2188
-16.3608
-16.4673
-16.5375
-16.5705
-16.5653
-16.5208
-16.4357
-16.3089
-16.1391
-15.9253
-15.6665
-15.3623
-15.0123
-14.6164
-14.1752
-13.6896
-13.1608
-12.5905
-11.9808
-11.3341
-10.653
-9.94055
-9.1997
-8.43365
-7.64561
-6.83875
-6.01617
-5.18088
-4.33573
-3.48344
-2.62662
-1.76774
-0.909232
-0.0534925
0.797064
1.63995
2.47257
3.29218
4.09584
4.88047
5.64274
6.37918
7.08616
7.75991
8.3966
8.99239
9.54347
10.0462
10.4971
10.893
11.2311
11.5091
11.7252
11.8783
11.968
11.9943
11.9584
11.8619
11.7074
11.4978
11.237
10.9291
10.579
10.1916
9.77224
9.32633
8.85931
8.37659
7.88346
7.38498
6.88596
6.39091
5.90394
5.4288
4.96878
4.52673
4.10503
3.70556
3.32974
2.97849
2.65232
2.35129
2.07511
1.82317
1.59457
1.38823
1.2029
1.03725
0.889891
0.75944
0.644529
0.543836
0.456099
0.380115
0.314749
0.258924
0.211619
0.171867
0.138751
0.111407
0.0890236
0.0708495
0.056197
0.0444484
0.0350604
0.0275654
0.0215723
0.0167625
0.0128842
0.00974426
0.00719867
0.00514196
0.00349719
0.00220667
0.0012243
0.000509755
2.4681e-05
-0.000269249
-0.000410694
-0.000437866
-0.000387066
-0.000291003
-0.000177277
-6.73095e-05
2.41243e-05
8.8733e-05
0.000123973
0.000131892
0.000117733
8.84868e-05
5.15705e-05
1.37535e-05
-1.95894e-05
-4.48754e-05
-6.03877e-05
-6.60875e-05
-6.32444e-05
-5.39762e-05
-4.07775e-05
-2.61039e-05
-1.2055e-05
-1.77478e-07
8.61331e-06
1.40077e-05
1.62012e-05
1.57485e-05
1.34047e-05
9.97603e-06
6.20089e-06
2.6688e-06
-2.2004e-07
-2.25732e-06
-3.4063e-06
-3.76232e-06
-3.5038e-06
-2.84435e-06
-1.99282e-06
-1.12482e-06
-3.67039e-07
2.06979e-07
5.72016e-07
7.40636e-07
7.50082e-07
6.49338e-07
4.88281e-07
3.09949e-07
1.46212e-07
1.64746e-08
-7.13027e-08
-1.18133e-07
-1.30925e-07
-1.19473e-07
-9.39756e-08
-6.32986e-08
-3.40355e-08
-1.02415e-08
6.33185e-09
1.57099e-08
1.90615e-08
1.80998e-08
1.46056e-08
1.01098e-08
5.73177e-09
2.14626e-09
-3.62726e-10
-1.80166e-09
-2.35511e-09
-2.28538e-09
-1.85703e-09
-1.29017e-09
-7.39796e-10
-2.94685e-10
1.14781e-11
1.83595e-10
2.48387e-10
2.40513e-10
1.9296e-10
1.31731e-10
7.40419e-11
2.89204e-11
-9.25092e-13
-1.68478e-11
-2.22148e-11
-2.08708e-11
-1.61873e-11
-1.06269e-11
-5.67938e-12
-2.01803e-12
2.5451e-13
1.35966e-12
1.64584e-12
1.45792e-12
1.06887e-12
6.58701e-13
3.22608e-13
9.28583e-14
-3.68096e-14
-9.06265e-14
-9.65867e-14
-7.85253e-14
-5.30832e-14
-2.9783e-14
-1.26333e-14
-2.13001e-15
2.99544e-15
4.54658e-15
4.16045e-15
3.01895e-15
1.82177e-15
8.87478e-16
2.90046e-16
-2.12536e-17
-1.38451e-16
-1.48269e-16
-1.13338e-16
-7.03044e-17
-3.57065e-17
-1.36598e-17
-2.28246e-18
2.10683e-18
2.83757e-18
2.15323e-18
1.24419e-18
5.69735e-19
1.96189e-19
3.91007e-20
-4.66647e-21
-6.61877e-21
-1.60857e-21
-0
-0
-0
-0
-0
0
0
0
0
0
0
0
-0
-0
-0
-0
-0
-0
-0
0
0
0
0
0
0
0
-0
-0
-0
-0
-0
-0
-0
0
0
0
0
0
0
-0
-0
-0
-0
-0
-0
-0
0
0
0
0
0
0
0
-0
-0
-0
-0
-0
-0
0
0
0
0
0
0
-0
-0
-0
-0
-0
-0
0
0
0
0
0
0
-0
-0
-0
-0
-0
-0
0
0
0
0
0
0
-0
-0
-0
-0
-0
-0
0
0
0
0
0
-0
-0
-0
-0
-0
0
0
0
0
0
0
-0
-0
-0
-0
-0
0
0
0
0
-0
-0
-0
-0
-0
0
0
0
0
-0
-0
-0
-0
-0
0
0
0
0
-0
-0
-0
0
0
0
0
-0
-0
-0
0
0
0
-0
-0
-0
0
0
0
-0
-0
0
0
-0
-0
0
0
-0
0
-0
0
-0
0
-0
0
-0
-0
0
0
0
0
0
0
0
0
0
0
0
0
0
0
0
0
0
0
0
0
0
0
0
0
0
0
0
0
0
