0
-0.120289
-0.0333433
-0.0342389
-0.0341447
-0.0332663
-0.0318729
-0.0302731
-0.0287845
-0.0276994
-0.02725
-0.0275762
-0.0287009
-0.0305133
-0.0327654
-0.0350803
-0.0369749
-0.0378943
-0.0372567
-0.0345055
-0.0291635
-0.0208858
-0.00950691
0.00492473
0.0221258
0.0415759
0.0625341
0.084076
0.105148
0.124637
0.14145
0.154603
0.1633
0.16701
0.165535
0.159043
0.148092
0.133618
0.116898
0.099483
0.0831124
0.0696041
0.060736
0.0581213
0.0630907
0.0765855
0.0990741
0.130496
0.170239
0.217158
0.269621
0.325603
0.382805
0.438794
0.491162
0.537695
0.576524
0.606269
0.626155
0.636083
0.636675
0.629255
0.615793
0.598806
0.581211
0.56615
0.556801
0.556166
0.566874
0.591
0.629907
0.684138
0.753344
0.836282
0.93085
1.03419
1.14285
1.25294
1.36038
1.46112
1.55138
1.62786
1.68797
1.72994
1.75296
1.75721
1.74385
1.71496
1.67339
1.62259
1.5664
1.50879
1.45364
1.40445
1.36414
1.33659
1.33958
1.36161
1.39743
1.4454
1.50301
1.56705
1.63373
1.69892
1.75836
1.80787
1.8436
1.86224
1.86118
1.83867
1.7939
1.72709
1.63942
1.53302
1.41084
1.27651
1.13413
0.988062
0.842708
0.702275
0.570553
0.450719
0.345174
0.255419
0.181985
0.12441
0.0812775
0.0502968
0.0284416
0.0121226
-0.00260709
-0.0198252
-0.0435063
-0.0772914
-0.124274
-0.186814
-0.26639
-0.363495
-0.477585
-0.607084
-0.749437
-0.901222
-1.0583
-1.216
-1.36937
-1.51337
-1.64312
-1.75418
-1.84271
-1.90567
-1.94096
-1.94753
-1.92539
-1.87562
-1.80031
-1.70243
-1.58565
-1.4542
-1.31257
-1.16534
-1.01691
-0.871255
-0.73175
-0.600978
-0.480594
-0.371248
-0.272546
-0.183075
-0.100482
-0.0215942
0.0574053
0.140775
0.232985
0.33847
0.461386
0.605375
0.773351
0.967321
1.18825
1.43596
1.70911
2.00522
2.32071
2.65107
2.99101
3.33464
3.67577
4.0081
4.32548
4.62218
4.89311
5.134
5.34156
5.51358
5.64899
5.74788
5.8114
5.84169
5.84171
5.81506
5.76574
5.69792
5.61569
5.52283
5.42255
5.3173
5.20866
5.09713
4.98213
4.86197
4.73389
4.59414
4.43816
4.26073
4.05622
3.81884
3.54286
3.22292
2.85427
2.43298
1.95617
1.42216
0.83055
0.18234
-0.520119
-1.27315
-2.07187
-2.91033
-3.78171
-4.67857
-5.59307
-6.51726
-7.44333
-8.36387
-9.2721
-10.1621
-11.0288
-11.8685
-12.6784
-13.457
-14.204
-14.9199
-15.6064
-16.2655
-16.9001
-17.513
-18.1072
-18.6853
-19.2494
-19.8009
-20.3402
-20.8667
-21.3786
-21.8727
-22.3447
-22.7891
-23.1991
-23.5672
-23.8851
-24.144
-24.3347
-24.4482
-24.4759
-24.4097
-24.2423
-23.9678
-23.5814
-23.0798
-22.4617
-21.727
-20.8776
-19.917
-18.8504
-17.6842
-16.4262
-15.0852
-13.6707
-12.1929
-10.6619
-9.08792
-7.48094
-5.85023
-4.20434
-2.55086
-0.896306
0.753973
2.39582
4.02623
5.64332
7.24618
8.8347
10.4094
11.9712
13.5212
15.0604
16.5893
18.1079
19.6154
21.1099
22.5883
24.0461
25.4776
26.8754
28.2308
29.5337
30.7728
31.9359
33.0098
33.9807
34.8348
35.5579
36.1367
36.5582
36.8105
36.8833
36.7675
36.4564
35.9451
35.2311
34.3145
33.1979
31.8864
30.3878
28.7124
26.8728
24.884
22.7627
20.5278
18.1991
15.7981
13.3467
10.8675
8.38318
5.91615
3.48831
1.12068
-1.16687
-3.35592
-5.4297
-7.3733
-9.17383
-10.8205
-12.3049
-13.6206
-14.7635
-15.732
-16.5262
-17.1485
-17.6031
-17.896
-18.0345
-18.0277
-17.8855
-17.6189
-17.2394
-16.7594
-16.1913
-15.5477
-14.8412
-14.084
-13.2881
-12.4649
-11.6251
-10.7787
-9.93477
-9.10171
-8.28688
-7.49671
-6.73672
-6.01148
-5.32467
-4.67912
-4.07682
-3.51901
-3.00625
-2.53845
-2.11497
-1.73469
-1.39606
-1.09719
-0.835932
-0.609906
-0.416593
-0.253378
-0.117603
-0.00661362
0.0822045
0.151388
0.20337
0.240456
0.264807
0.278427
0.283153
0.280652
0.27242
0.259785
0.243909
0.225798
0.206309
0.186162
0.16595
0.146147
0.127127
0.10917
0.0924744
0.0771719
0.0633333
0.0509815
0.0400991
0.0306376
0.0225242
0.0156687
0.00996882
0.00531557
0.0015969
-0.0012988
-0.00348002
-0.00505013
-0.00610577
-0.0067359
-0.00702108
-0.00703319
-0.00683544
-0.00648253
-0.00602108
-0.00549013
-0.00492172
-0.00434161
-0.00376991
-0.00322183
-0.00270833
-0.00223677
-0.00181152
-0.00143453
-0.0011058
-0.000823879
-0.000586196
-0.000389432
-0.000229783
-0.000103196
-5.55138e-06
6.71912e-05
0.000118886
0.000153122
0.000173175
0.000181974
0.000182093
0.000175753
0.000164981
0.000151327
0.00013574
0.000119273
0.00010275
8.67909e-05
7.18396e-05
5.81893e-05
4.60108e-05
3.53759e-05
2.628e-05
1.86612e-05
1.24177e-05
7.42123e-06
3.52925e-06
5.93912e-07
-1.53078e-06
-2.98372e-06
-3.89308e-06
-4.37408e-06
-4.52778e-06
-4.44082e-06
-4.18574e-06
-3.82189e-06
-3.39649e-06
-2.94604e-06
-2.49774e-06
-2.07091e-06
-1.67835e-06
-1.32765e-06
-1.02233e-06
-7.62813e-07
-5.47336e-07
-3.72629e-07
-2.34514e-07
-1.28355e-07
-4.94054e-08
6.93603e-09
4.49547e-08
6.85112e-08
8.09847e-08
8.52553e-08
8.37157e-08
7.8302e-08
7.05387e-08
6.15886e-08
5.23071e-08
4.32939e-08
3.49426e-08
2.74851e-08
2.10307e-08
1.55993e-08
1.11487e-08
7.59733e-09
4.84071e-09
2.76504e-09
1.25626e-09
2.06567e-10
-4.81696e-10
-8.93849e-10
-1.10215e-09
-1.16601e-09
-1.13287e-09
-1.03951e-09
-9.13472e-10
-7.74596e-10
-6.36485e-10
-5.07835e-10
-3.93613e-10
-2.96059e-10
-2.15509e-10
-1.51052e-10
-1.01036e-10
-6.34446e-11
-3.61604e-11
-1.71472e-11
-4.55717e-12
3.21125e-12
7.49308e-12
9.3624e-12
9.65376e-12
8.9926e-12
7.82916e-12
6.47239e-12
5.12141e-12
3.8932e-12
2.84587e-12
1.99757e-12
1.3411e-12
8.54872e-13
5.10697e-13
2.79028e-13
1.32214e-13
4.62826e-14
1.6667e-15
-1.67636e-14
-2.00926e-14
-1.59714e-14
-9.30924e-15
-2.94671e-15
-7.45606e-18
-0
-0
-0
-0
-0
-0
-0
-0
-0
-0
-0
-0
-0
-0
-0
-0
-0
-0
-0
-0
-0
-0
-0
-0
-0
-0
-0
0
-0
-0
-0
-0
-0
-0
-0
-0
-0
-0
-0
-0
-0
-0
-0
-0
-0
-0
-0
-0
-0
-0
-0
-0
-0
-0
-0
-0
-0
-0
-0
-0
-0
0
-0
-0
-0
-0
-0
-0
-0
-0
-0
-0
-0
-0
-0
-0
-0
-0
-0
-0
-0
-0
-0
-0
-0
-0
-0
-0
-0
-0
-0
-0
0
-0
-0
-0
-0
-0
-0
-0
-0
-0
-0
-0
-0
-0
-0
-0
-0
-0
-0
-0
-0
-0
-0
-0
-0
-0
-0
-0
-0
-0
0
-0
-0
-0
-0
-0
-0
-0
-0
-0
-0
-0
-0
-0
-0
-0
-0
-0
-0
-0
-0
-0
-0
-0
-0
-0
-0
-0
0
-0
-0
-0
-0
-0
-0
-0
-0
-0
-0
-0
-0
-0
-0
-0
-0
-0
-0
-0
-0
-0
-0
-0
-0
-0
0
-0
-0
-0
-0
-0
-0
-0
-0
-0
-0
-0
-0
-0
-0
-0
-0
-0
-0
-0
-0
-0
-0
-0
-0
0
-0
-0
-0
-0
-0
-0
-0
-0
-0
-0
-0
-0
-0
-0
-0
-0
-0
-0
-0
-0
-0
-0
0
-0
-0
-0
-0
-0
-0
-0
-0
-0
-0
-0
-0
-0
-0
-0
-0
-0
-0
-0
-0
0
-0
-0
-0
-0
-0
-0
-0
-0
-0
-0
-0
-0
-0
-0
-0
-0
-0
-0
-0
0
-0
-0
-0
-0
-0
-0
-0
-0
-0
-0
-0
-0
-0
-0
-0
-0
-0
-0
0
-0
-0
-0
-0
-0
-0
-0
-0
-0
-0
-0
-0
-0
-0
-0
-0
-0
0
-0
-0
-0
-0
-0
-0
-0
-0
-0
-0
-0
-0
-0
-0
-0
-0
0
-0
-0
-0
-0
-0
-0
-0
-0
-0
-0
-0
-0
-0
-0
-0
0
-0
-0
-0
-0
-0
-0
-0
-0
-0
-0
-0
-0
-0
-0
0
-0
-0
-0
-0
-0
-0
-0
-0
-0
-0
-0
-0
0
-0
-0
-0
-0
-0
-0
-0
-0
-0
-0
-0
-0
0
-0
-0
-0
-0
-0
-0
-0
-0
-0
-0
0
-0
-0
-0
-0
-0
-0
-0
-0
-0
0
-0
-0
-0
-0
-0
-0
-0
0
-0
-0
-0
-0
-0
-0
0
-0
-0
-0
0
-0
-0
0
-0
0
-0
0
-0
-0
-0
-0
-0
-0
-0
-0
-0
-0
-0
-0
-0
-0
-0
-0
-0
-0
-0
-0
-0
-0
-0
-0
-0
-0
-0
