0
0
0
-0
0
0
0
0
0
0
0
0
0
0
0
0
0
0
0
0
0
0
0
0
0
0
0
0
0
0
0
0
0
0
0
0
0
0
0
0
0
0
0
0
0
0
0
0
0
0
0
0
0
0
0
0
0
0
0
0
0
0
0
0
0
0
0
0
0
0
0
0
0
0
0
0
0
0
0
0
0
0
0
0
0
0
0
0
0
0
0
0
0
0
0
0
0
0
0
0
0
0
0
0
0
0
0
0
0
0
0
0
0
0
0
0
0
0
0
0
0
0
0
0
0
0
0
0
0
0
0
0
0
0
0
0
0
0
0
0
0
0
0
0
0
0
0
0
0
0
0
0
0
0
0
0
0
0
0
0
0
0
0
0
0
0
0
0
0
0
0
0
0
0
0
0
0
0
0
0
0
0
0
0
0
0
0
0
0
0
0
0
0
0
0
0
0
0
0
0
0
0
0
0
0
0
0
0
0
0
0
0
0
0
0
0
0
0
0
-0
0
0
0
0
0
0
0
0
0
0
0
0
0
0
0
0
0
0
0
0
0
0
0
0
0
0
0
0
0
0
0
0
0
0
0
0
0
0
0
0
0
0
0
0
0
0
0
0
0
0
0
0
0
0
0
0
0
0
0
0
0
0
0
0
0
0
0
0
0
0
0
0
0
0
0
0
0
0
0
0
0
0
0
0
0
0
0
0
0
0
0
0
0
0
0
0
0
0
0
0
0
0
0
0
0
0
0
0
0
0
0
0
0
0
0
0
0
0
0
0
0
0
0
0
0
0
0
0
0
0
0
0
0
0
0
0
0
0
0
0
0
0
0
0
0
0
0
0
0
0
0
0
0
0
0
0
0
0
0
0
0
0
0
0
0
0
0
0
0
0
0
0
0
0
0
0
0
0
0
0
0
0
0
0
0
0
0
0
0
0
0
0
0
0
0
0
0
0.124303
10.5985
22.6931
28.2395
27.8697
22.2776
12.3006
-1.07051
-16.7716
-33.8185
-51.4829
-69.4232
-87.7104
-106.719
-126.894
-148.465
-171.19
-194.224
-216.192
-235.454
-250.529
-260.54
-265.566
-266.756
-266.144
-266.177
-269.07
-276.134
-287.303
-300.991
-314.376
-324.062
-326.979
-321.279
-306.992
-286.215
-262.771
-241.363
-226.429
-220.978
-225.729
-238.786
-255.99
-271.877
-281.033
-279.509
-265.922
-241.947
-212.042
-182.441
-159.658
-148.855
-152.508
-169.708
-196.3
-225.849
-251.203
-266.276
-267.593
-255.208
-232.751
-206.58
-184.234
-172.583
-176.114
-195.806
-228.866
-269.399
-309.842
-342.824
-362.964
-368.184
-360.204
-344.101
-327.049
-316.559
-318.651
-336.412
-369.281
-413.231
-461.788
-507.614
-544.275
-567.742
-577.288
-575.563
-567.855
-560.753
-560.526
-571.642
-595.764
-631.454
-674.624
-719.6
-760.522
-792.722
-813.761
-823.877
-825.787
-823.888
-823.117
-827.722
-840.277
-861.138
-888.47
-918.788
-947.873
-971.809
-987.89
-995.19
-994.67
-988.833
-981.026
-974.575
-971.987
-974.378
-981.277
-990.809
-1000.2
-1006.49
-1007.55
-1013.31
-1018.12
-1017.83
-1014.41
-1010.23
-1007.48
-1007.72
-1011.54
-1018.54
-1027.45
-1036.53
-1043.93
-1048.15
-1048.32
-1044.32
-1036.72
-1026.6
-1015.22
-1003.73
-992.942
-983.127
-974.065
-965.131
-955.497
-944.355
-931.116
-915.533
-897.727
-878.124
-857.32
-835.907
-814.326
-792.751
-771.059
-748.866
-725.631
-700.787
-673.883
-644.682
-613.217
-579.78
-544.856
-509.021
-472.823
-436.676
-400.796
-365.168
-329.576
-293.656
-256.986
-219.164
-179.883
-138.977
-96.4313
-52.3666
-7.00142
39.3967
86.5583
134.248
182.283
230.541
278.943
327.442
376.005
424.601
473.196
521.761
570.283
618.775
667.287
715.902
764.733
813.897
863.496
913.59
964.172
1015.16
1066.39
1117.63
1168.59
1218.99
1268.53
1316.98
1364.17
1410
1454.49
1497.69
1539.73
1580.8
1621.06
1660.68
1699.78
1738.45
1776.71
1814.49
1851.68
1888.12
1923.58
1957.81
1990.56
2021.57
2050.6
2077.47
2102.04
2124.23
2144.04
2161.53
2176.83
2190.1
2201.53
2211.33
2219.68
2226.73
2232.56
2237.19
2240.57
2242.56
2242.97
2241.55
2238.04
2232.15
2223.64
2212.3
2197.97
2180.58
2160.14
2136.75
2110.57
2081.82
2050.77
2017.72
1982.94
1946.69
1909.17
1870.52
1830.8
1790
1748.01
1704.67
1659.76
1613.05
1564.27
1513.19
1459.63
1403.47
1344.65
1283.25
1219.38
1153.3
1085.31
1015.76
945.075
873.65
801.881
730.12
658.65
587.677
517.316
447.586
378.42
309.674
241.144
172.592
103.771
34.4509
-35.5521
-106.355
-177.99
-250.388
-323.377
-396.683
-469.939
-542.704
-614.48
-684.742
-752.963
-818.647
-881.348
-940.702
-996.439
-1048.39
-1096.52
-1140.87
-1181.6
-1218.96
-1253.24
-1284.79
-1313.94
-1341.03
-1366.32
-1390.03
-1412.26
-1433.02
-1452.22
-1469.63
-1484.94
-1497.74
-1507.53
-1513.79
-1515.95
-1513.46
-1505.81
-1492.54
-1473.29
-1447.81
-1415.97
-1377.79
-1333.42
-1283.17
-1227.49
-1166.92
-1102.17
-1033.98
-963.2
-890.696
-817.362
-744.081
-671.703
-601.028
-532.783
-467.607
-406.045
-348.534
-295.404
-246.876
-203.068
-163.999
-129.597
-99.7129
-74.1295
-52.5761
-34.7402
-20.2808
-8.84017
-0.0545779
6.4356
10.9777
13.9001
15.5068
16.0737
15.8462
15.0384
13.8327
12.3812
10.8073
9.20787
7.65633
6.20517
4.88927
3.72874
2.73186
1.89769
1.21844
0.681598
0.271639
-0.0284675
-0.236117
-0.368184
-0.440389
-0.466879
-0.459987
-0.430146
-0.385907
-0.334047
-0.279733
-0.22672
-0.177564
-0.133837
-0.0963346
-0.0652585
-0.0403858
-0.021207
-0.00704158
0.00287141
0.00930515
0.0129962
0.0146126
0.0147352
0.0138503
0.0123497
0.0105366
0.00863487
0.00680048
0.00513347
0.00368962
0.00249124
0.00153669
0.000808335
0.000279032
-8.28891e-05
-0.000309957
-0.000433034
-0.000479738
-0.000473605
-0.000433816
-0.000375314
-0.000309187
-0.000243187
-0.000182321
-0.000129433
-8.57479e-05
-5.13456e-05
-2.55595e-05
-7.29041e-06
4.75542e-06
1.18963e-05
1.53633e-05
1.6234e-05
1.54023e-05
1.35731e-05
1.12734e-05
8.87485e-06
6.61921e-06
4.6464e-06
3.02012e-06
1.75057e-06
8.13449e-07
1.64755e-07
-2.48079e-07
-4.78461e-07
-5.75684e-07
-5.82157e-07
-5.32259e-07
-4.52322e-07
-3.61322e-07
-2.71969e-07
-1.91936e-07
-1.25084e-07
-7.25615e-08
-3.37389e-08
-6.94743e-09
9.96646e-09
1.92534e-08
2.30125e-08
2.30518e-08
2.08299e-08
1.74526e-08
1.37041e-08
1.0097e-08
6.92878e-09
4.33708e-09
2.34875e-09
9.20779e-10
-2.81343e-11
-5.94479e-10
-8.74439e-10
-9.54484e-10
-9.06623e-10
-7.86955e-10
-6.36376e-10
-4.82521e-10
-3.42274e-10
-2.24354e-10
-1.31701e-10
-6.34968e-11
-1.67571e-11
1.24889e-11
2.83943e-11
3.47934e-11
3.49358e-11
3.13885e-11
2.60473e-11
2.02146e-11
1.47063e-11
9.96632e-12
6.1727e-12
3.32734e-12
1.33475e-12
4.88829e-14
-6.91095e-13
-1.0373e-12
-1.1203e-12
-1.04399e-12
-8.85452e-13
-6.97829e-13
-5.14656e-13
-3.54493e-13
-2.25275e-13
-1.27997e-13
-5.96032e-14
-1.50887e-14
1.10767e-14
2.40865e-14
2.83469e-14
2.73139e-14
2.35124e-14
1.86556e-14
1.38059e-14
9.54205e-15
6.10828e-15
3.53677e-15
1.74031e-15
5.77426e-16
-1.05433e-16
-4.49525e-16
-5.7208e-16
-5.62926e-16
-4.86072e-16
-3.83769e-16
-2.81412e-16
-1.92272e-16
-1.21552e-16
-6.95571e-17
-3.39966e-17
-1.15289e-17
1.29358e-18
7.51796e-18
9.57993e-18
9.27606e-18
7.83464e-18
6.02854e-18
4.29459e-18
2.84016e-18
1.72885e-18
9.43545e-19
4.29455e-19
1.20917e-19
-4.37049e-20
-1.15201e-19
-1.31706e-19
-1.19642e-19
-9.58806e-20
-7.02002e-20
-4.75231e-20
-2.97162e-20
-1.69139e-20
-8.41074e-21
-3.21414e-21
-3.49747e-22
9.97273e-22
1.44049e-21
1.40401e-21
1.15763e-21
8.57461e-22
5.82642e-22
3.64579e-22
2.07961e-22
1.04672e-22
4.21949e-23
8.13241e-24
-7.78141e-24
-1.31334e-23
-1.30387e-23
-1.06514e-23
-7.72578e-24
-5.10363e-24
-3.08609e-24
-1.68984e-24
-8.07969e-25
-3.01071e-25
-4.17873e-26
6.85532e-26
9.82823e-26
9.03685e-26
6.92602e-26
4.72202e-26
2.92475e-26
1.64762e-26
8.29443e-27
3.53221e-27
1.04088e-27
-8.4647e-29
-4.69506e-28
-5.02492e-28
-4.01859e-28
-2.76002e-28
-1.69514e-28
-9.39922e-29
-4.65512e-29
-1.97632e-29
-6.27232e-30
-4.36813e-31
1.47586e-30
1.65981e-30
1.26011e-30
7.9105e-31
4.31201e-31
2.05376e-31
8.34933e-32
2.6829e-32
4.99298e-33
-1.09389e-33
-1.5134e-33
-6.87582e-34
-9.05746e-35
0
0
0
0
-0
0
0
0
0
0
0
0
0
0
0
0
0
0
0
0
0
0
0
-0
0
0
0
0
0
0
0
0
0
0
0
0
0
0
0
0
0
-0
0
0
0
0
0
0
0
0
0
0
0
0
0
0
0
0
-0
0
0
0
0
0
0
0
0
0
0
0
0
0
-0
0
0
0
0
0
0
0
0
0
0
0
0
0
0
-0
0
0
0
0
0
0
0
0
0
0
0
0
-0
0
0
0
0
0
0
0
0
0
0
-0
0
0
0
0
0
0
0
0
-0
0
0
0
0
-0
0
0
0
0
0
0
-0
0
0
0
0
0
-0
0
0
0
0
-0
0
0
-0
0
-0
0
-0
0
0
0
0
0
0
0
0
0
0
0
0
0
0
0
0
0
0
0
0
0
0
0
0
0
0
