0
0
0
0
0
0
0
0
0
0
0
0
0
0
0
0
0
0
0
0
0
0
0
0
0
0
0
0
0
0
0
0
0
0
0
0
0
0
0
-0
-0
-0
-0
-0
-0
-0
-0
-0
-0
-0
-0
-0
-0
-0
-0
-0
-0
-0
-0
-0
-0
-0
-0
-0
-0
-0
-0
-0
-0
-0
-0
-0
-0
-0
-0
-0
-0
-0
-0
-0
-0
-0
-0
-0
-0
-0
-0
-0
-0
-0
-0
-0
-0
-0
-0
-0
-0
-0
-0
-0
-0
-0
-0
-0
-0
-0
-0
-0
-0
-0
-0
-0
-0
-0
-0
-0
-0
-0
-0
-0
-0
-0
-0
-0
-0
-0
-0
-0
-0
-0
-0
-0
-0
-0
-0
-0
-0
-0
-0
-0
-0
-0
-0
-0
-0
-0
-0
-0
-0
-0
-0
-0
-0
-0
-0
-0
-0
-0
-0
-0
-0
-0
-0
-0
-0
-0
-0
-0
0
0
0
0
0
0
0
0
0
0
0
0
0
0
0
0
0
0
0
0
0
0
0
0
-0
-0
-0
-0
-0
-0
-0
-0
-0
-0
-0
-0
-0
-0
-0
-0
-0
-0
-0
-0
-0
-0
-0
-0
-0
-0
-0
-0
-0
-0
-0
-0
-0
-0
-0
-0
-0
-0
-0
-0
-0
-0
-0
-0
-0
-0
-0
-0
-0
-0
-0
-0
-0
-0
-0
-0
-0
-0
-0
-0
-0
-0
-0
-0
-0
0
0
0
0
0
0
0
0
0
0
0
0
0
0
0
0
0
0
0
0
0
0
0
0
0
0
0
0
0
0
0
0
0
0
0
0
0
0
0
0
0
0
0
0
0
0
0
0.000211617
0.00173551
0.00457651
0.0085283
0.0133593
0.0188172
0.0246338
0.0305302
0.0362205
0.0414142
0.0458177
0.0491355
0.0510708
0.051328
0.0496163
0.0456554
0.0391833
0.0299654
0.0178044
0.00254895
-0.0159007
-0.0375912
-0.0625204
-0.0906469
-0.121903
-0.156206
-0.193472
-0.233616
-0.276546
-0.322156
-0.370303
-0.420795
-0.473383
-0.527758
-0.583566
-0.640432
-0.697983
-0.755884
-0.813854
-0.871681
-0.929227
-0.986418
-1.04323
-1.09966
-1.15574
-1.21146
-1.26682
-1.32177
-1.37623
-1.4301
-1.48327
-1.53566
-1.58723
-1.63805
-1.68828
-1.73822
-1.78825
-1.8388
-1.89026
-1.94295
-1.99702
-2.05242
-2.10895
-2.16627
-2.22399
-2.28176
-2.33935
-2.39667
-2.45381
-2.51096
-2.56833
-2.6261
-2.68431
-2.74282
-2.80129
-2.8592
-2.91594
-2.97082
-3.0232
-3.07248
-3.11822
-3.16007
-3.19785
-3.23145
-3.26089
-3.28621
-3.30748
-3.32471
-3.33784
-3.34669
-3.35093
-3.35014
-3.34383
-3.33151
-3.3128
-3.28751
-3.2557
-3.21768
-3.17401
-3.12539
-3.07287
-3.01821
-2.96195
-2.9043
-2.84525
-2.78462
-2.72215
-2.6576
-2.59089
-2.52213
-2.45169
-2.38016
-2.3083
-2.23701
-2.16714
-2.0995
-2.03474
-1.97332
-1.91554
-1.86151
-1.81125
-1.76474
-1.72197
-1.68306
-1.64825
-1.61797
-1.59283
-1.57358
-1.56106
-1.5561
-1.55948
-1.57179
-1.59342
-1.62449
-1.66494
-1.7145
-1.77284
-1.83962
-1.91461
-1.99775
-2.08917
-2.18918
-2.29822
-2.41679
-2.54529
-2.68401
-2.83297
-2.99193
-3.16037
-3.33753
-3.5225
-3.71427
-3.91186
-4.1144
-4.32116
-4.53158
-4.74528
-4.96196
-5.18137
-5.40318
-5.62693
-5.8519
-6.07715
-6.30144
-6.52332
-6.74114
-6.95319
-7.15778
-7.35333
-7.53845
-7.71194
-7.87285
-8.02039
-8.15385
-8.27255
-8.3757
-8.46235
-8.53134
-8.58127
-8.61053
-8.6174
-8.60009
-8.55691
-8.48631
-8.38703
-8.25807
-8.09878
-7.90876
-7.68783
-7.43596
-7.15311
-6.83921
-6.49405
-6.11728
-5.70838
-5.26676
-4.7918
-4.283
-3.74003
-3.16286
-2.55183
-1.90767
-1.23149
-0.524759
0.210832
0.973422
1.76111
2.57204
3.40448
4.25681
5.12757
6.01534
6.91871
7.83615
8.76591
9.70594
10.6538
11.6068
12.5616
13.5149
14.463
15.4021
16.3285
17.2387
18.1294
18.9975
19.8401
20.6546
21.4387
22.1899
22.9058
23.5837
24.221
24.8145
25.3611
25.8574
26.2999
26.6854
27.0105
27.2726
27.4692
27.5983
27.6586
27.6491
27.5693
27.4192
27.1987
26.9081
26.5476
26.1175
25.618
25.049
24.4109
23.7039
22.9285
22.0855
21.1764
20.2031
19.1681
18.0746
16.9265
15.7281
14.4841
13.1996
11.8797
10.5297
9.15464
7.75948
6.34896
4.92767
3.50004
2.07052
0.643584
-0.776085
-2.18355
-3.57351
-4.94033
-6.27801
-7.58024
-8.84057
-10.0525
-11.2096
-12.3058
-13.3356
-14.2938
-15.1762
-15.9792
-16.7002
-17.3372
-17.889
-18.3548
-18.7345
-19.0282
-19.2363
-19.3595
-19.3983
-19.3533
-19.2255
-19.0158
-18.7254
-18.3561
-17.9099
-17.3899
-16.7997
-16.1441
-15.4286
-14.6601
-13.846
-12.9949
-12.116
-11.219
-10.3139
-9.41076
-8.51942
-7.64925
-6.8089
-6.0061
-5.24748
-4.53845
-3.88311
-3.28422
-2.74326
-2.26042
-1.83477
-1.46436
-1.14638
-0.877342
-0.653236
-0.469715
-0.322257
-0.206308
-0.117416
-0.0513332
-0.00410549
0.0278712
0.04781
0.0585149
0.0623791
0.0613989
0.0571979
0.0510606
0.0439705
0.0366509
0.0296074
0.0231669
0.0175158
0.0127332
0.00882061
0.0057259
0.00336407
0.00163276
0.000424229
-0.000366217
-0.000834595
-0.00106499
-0.00112808
-0.00108104
-0.000968305
-0.000822963
-0.000668413
-0.000520138
-0.000387414
-0.000274863
-0.000183801
-0.000113349
-6.13089e-05
-2.48295e-05
-8.75231e-07
1.34584e-05
2.07573e-05
2.31962e-05
2.2514e-05
2.00344e-05
1.67135e-05
1.32002e-05
9.89981e-06
7.03429e-06
4.6952e-06
2.88744e-06
1.56367e-06
6.49871e-07
6.31249e-08
-2.76818e-07
-4.40918e-07
-4.8778e-07
-4.63013e-07
-4.00128e-07
-3.2224e-07
-2.44112e-07
-1.74173e-07
-1.16341e-07
-7.15233e-08
-3.88751e-08
-1.66069e-08
-2.57327e-09
5.33871e-09
8.99103e-09
9.89729e-09
9.20606e-09
7.73226e-09
6.01241e-09
4.36729e-09
2.96162e-09
1.85538e-09
1.04439e-09
4.9017e-10
1.40481e-10
-5.79135e-11
-1.52168e-10
-1.80295e-10
-1.70657e-10
-1.42905e-10
-1.09591e-10
-7.79188e-11
-5.13679e-11
-3.10271e-11
-1.66076e-11
-7.15198e-12
-1.49205e-12
1.48753e-12
2.72075e-12
2.91969e-12
2.58474e-12
2.03945e-12
1.47307e-12
9.81003e-13
5.98586e-13
3.26486e-13
1.48383e-13
4.21655e-14
-1.37331e-14
-3.73242e-14
-4.21477e-14
-3.75137e-14
-2.92718e-14
-2.07175e-14
-1.34243e-14
-7.90988e-15
-4.11819e-15
-1.7378e-15
-3.9143e-16
2.6542e-16
5.04474e-16
5.18529e-16
4.31963e-16
3.17135e-16
2.10701e-16
1.27112e-16
6.85107e-17
3.1281e-17
9.96336e-18
-7.02761e-19
-4.9251e-18
-5.68182e-18
-4.87255e-18
-3.58397e-18
-2.35556e-18
-1.39565e-18
-7.35536e-19
-3.27874e-19
-1.02793e-19
4.64255e-21
4.42115e-20
4.94653e-20
4.06043e-20
2.83759e-20
1.75857e-20
9.72581e-21
4.70365e-21
1.84921e-21
4.26143e-22
-1.60388e-22
-3.17505e-22
-2.90118e-22
-2.07593e-22
-1.27644e-22
-6.90502e-23
-3.25958e-23
-1.27945e-23
-3.48423e-24
1.02947e-25
1.01135e-24
9.09585e-25
5.74926e-25
2.93401e-25
1.23276e-25
4.12281e-26
9.85764e-27
1.20782e-27
-4.1542e-30
-0
-0
-0
-0
-0
-0
-0
-0
0
0
0
0
0
0
0
0
0
-0
-0
-0
-0
-0
-0
-0
-0
0
0
0
0
0
0
0
-0
-0
-0
-0
-0
-0
-0
-0
0
0
0
0
0
0
0
-0
-0
-0
-0
-0
-0
-0
0
0
0
0
0
0
0
-0
-0
-0
-0
-0
-0
0
0
0
0
0
0
-0
-0
-0
-0
-0
-0
0
0
0
0
0
0
-0
-0
-0
-0
-0
0
0
0
0
0
-0
-0
-0
-0
-0
0
0
0
0
0
-0
-0
-0
-0
-0
0
0
0
0
0
-0
-0
-0
-0
0
0
0
0
0
-0
-0
-0
-0
0
0
0
0
-0
-0
-0
-0
0
0
0
-0
-0
-0
-0
0
0
0
-0
-0
-0
0
0
0
-0
-0
-0
0
0
0
-0
-0
0
0
-0
-0
0
0
-0
-0
0
-0
0
-0
0
-0
0
-0
0
0
0
0
0
0
0
0
0
0
0
0
0
0
0
0
0
0
0
0
0
0
0
0
0
0
0
0
0
0
