0
-0
-0
-0
-0
-0
-0
-0
-0
-0
-0
-0
-0
-0
-0
-0
-0
-0
-0
-0
-0
-0
-0
-0
-0
-0
-0
-0
-0
-0
-0
-0
-0
-0
-0
-0
-0
-0.00122638
-0.0049997
-0.00900738
-0.0133082
-0.0180218
-0.023215
-0.0288728
-0.034887
-0.0410706
-0.047192
-0.0530221
-0.0583794
-0.0631626
-0.067366
-0.0710773
-0.0744668
-0.0777751
-0.0813027
-0.0853974
-0.0904332
-0.0967699
-0.104694
-0.114346
-0.125656
-0.13831
-0.151751
-0.165244
-0.17797
-0.189143
-0.198121
-0.204491
-0.208121
-0.209188
-0.208189
-0.205922
-0.203463
-0.202091
-0.203158
-0.207912
-0.21727
-0.231613
-0.25064
-0.273349
-0.298162
-0.323186
-0.346535
-0.36665
-0.382521
-0.393764
-0.400567
-0.403523
-0.40345
-0.401239
-0.397789
-0.393998
-0.390793
-0.38912
-0.389879
-0.393783
-0.401202
-0.412042
-0.425712
-0.441221
-0.457358
-0.472895
-0.486757
-0.49808
-0.506175
-0.510437
-0.51028
-0.505161
-0.494726
-0.479032
-0.458758
-0.435282
-0.410566
-0.386818
-0.366021
-0.349456
-0.337377
-0.328945
-0.322447
-0.315727
-0.306695
-0.293761
-0.276068
-0.253511
-0.226558
-0.196002
-0.16274
-0.127649
-0.0915594
-0.055287
-0.019638
0.0146565
0.0470792
0.077479
0.106152
0.133778
0.161201
0.184484
0.202002
0.220124
0.238027
0.25459
0.268886
0.280588
0.290213
0.29906
0.308868
0.321278
0.337278
0.356822
0.378749
0.40102
0.421207
0.437065
0.447012
0.450384
0.447434
0.439103
0.426699
0.411575
0.394924
0.377695
0.360595
0.34412
0.328548
0.313894
0.299847
0.285776
0.270824
0.25414
0.23515
0.213798
0.19062
0.166597
0.142789
0.119865
0.0976823
0.0750987
0.0501059
0.0202977
-0.0164573
-0.0613367
-0.114097
-0.172975
-0.23499
-0.296575
-0.354324
-0.405667
-0.449267
-0.485078
-0.514101
-0.537935
-0.558319
-0.576772
-0.594406
-0.611907
-0.629609
-0.647587
-0.665704
-0.683621
-0.700799
-0.716543
-0.730127
-0.740971
-0.748803
-0.753728
-0.756117
-0.75634
-0.754389
-0.749545
-0.740232
-0.724156
-0.698747
-0.661787
-0.612048
-0.549726
-0.476514
-0.395265
-0.309335
-0.221786
-0.134693
-0.0487541
0.0367157
0.123417
0.213485
0.308886
0.410959
0.520229
0.636469
0.758934
0.886651
1.01863
1.15395
1.29178
1.4313
1.57168
1.71222
1.85239
1.99205
2.13143
2.27104
2.41145
2.55291
2.69511
2.83704
2.97716
3.11371
3.24519
3.37075
3.49038
3.60478
3.71497
3.8217
3.92492
4.02347
4.11507
4.19664
4.26491
4.31703
4.35105
4.36614
4.36253
4.34121
4.30362
4.25129
4.18572
4.10835
4.02066
3.92413
3.82023
3.71013
3.59438
3.47267
3.34365
3.2051
3.0543
2.88857
2.70577
2.50466
2.28498
2.04718
1.79209
1.52046
1.23268
0.928854
0.609034
0.273717
-0.075692
-0.43658
-0.805123
-1.1766
-1.54593
-1.90831
-2.25975
-2.59739
-2.91958
-3.22584
-3.51655
-3.79282
-4.05631
-4.30907
-4.5535
-4.79204
-5.02691
-5.25962
-5.49058
-5.71879
-5.94181
-6.15609
-6.35748
-6.5419
-6.70596
-6.84718
-6.964
-7.05529
-7.11982
-7.15566
-7.15996
-7.12908
-7.05917
-6.94701
-6.79091
-6.59137
-6.35124
-6.0755
-5.77048
-5.44299
-5.09934
-4.74469
-4.3827
-4.01558
-3.64437
-3.26931
-2.89024
-2.50685
-2.1188
-1.72576
-1.32747
-0.923828
-0.514955
-0.101337
0.316163
0.736386
1.15806
1.58002
2.00132
2.42116
2.8386
3.25202
3.65862
4.05393
4.43174
4.78446
5.10383
5.38193
5.61221
5.79023
5.91402
5.98384
6.00164
5.97016
5.89225
5.77039
5.60659
5.40277
5.16128
4.88541
4.5798
4.25034
3.90387
3.54761
3.18853
2.83288
2.48598
2.15225
1.83541
1.5387
1.26492
1.0164
0.794678
0.600243
0.43231
0.288879
0.16706
0.0636188
-0.0244048
-0.0991981
-0.16196
-0.21304
-0.252377
-0.280104
-0.297098
-0.305285
-0.307612
-0.307662
-0.309061
-0.314837
-0.326933
-0.346007
-0.371534
-0.402154
-0.436132
-0.471775
-0.507701
-0.542935
-0.576863
-0.609138
-0.63961
-0.668341
-0.695665
-0.722232
-0.748949
-0.776755
-0.80625
-0.837286
-0.868648
-0.898001
-0.922189
-0.937863
-0.942308
-0.934221
-0.914204
-0.884763
-0.849756
-0.813408
-0.779152
-0.748613
-0.721061
-0.693515
-0.66149
-0.620184
-0.565793
-0.49655
-0.413201
-0.318794
-0.217825
-0.115031
-0.0141601
0.0829088
0.176473
0.26868
0.362702
0.461693
0.567847
0.681831
0.802727
0.928441
1.0564
1.1843
1.31057
1.43461
1.55646
1.67642
1.79449
1.91
2.02162
2.12764
2.22646
2.31718
2.3999
2.47573
2.54642
2.61366
2.6783
2.73978
2.79587
2.84296
2.87673
2.89315
2.8894
2.86458
2.81987
2.75819
2.68338
2.59916
2.50806
2.41072
2.30571
2.18977
2.05862
1.90796
1.73438
1.53615
1.31345
1.06826
0.803794
0.523759
0.231597
-0.0701271
-0.380056
-0.698057
-1.02498
-1.36227
-1.71148
-2.07389
-2.45025
-2.84057
-3.24416
-3.65959
-4.08484
-4.51739
-4.95432
-5.39251
-5.82882
-6.26036
-6.68474
-7.10027
-7.50613
-7.9023
-8.28938
-8.66825
-9.03957
-9.4033
-9.75838
-10.1024
-10.432
-10.7425
-11.0291
-11.2873
-11.513
-11.7037
-11.8582
-11.9768
-12.0606
-12.1117
-12.132
-12.1228
-12.0844
-12.016
-11.9155
-11.7796
-11.6048
-11.3874
-11.1241
-10.8128
-10.4527
-10.0441
-9.58906
-9.09052
-8.55218
-7.97791
-7.37137
-6.7355
-6.0723
-5.38267
-4.66655
-3.92309
-3.15114
-2.34969
-1.51838
-0.65794
0.229517
1.14037
2.06961
3.0111
3.95809
4.9037
5.84151
6.76603
7.67304
8.55969
9.4244
10.2666
11.0862
11.883
12.6565
13.4049
14.1252
14.8128
15.462
16.0659
16.6175
17.1094
17.5354
17.8902
18.1702
18.3737
18.5007
18.5527
18.5324
18.4429
18.2876
18.069
17.7889
17.4478
17.0448
16.5781
16.0452
15.4433
14.7702
14.0246
13.2068
12.3191
11.3659
10.3539
9.29145
8.18855
7.05601
5.90484
4.74565
3.58803
2.44012
1.30841
0.19766
-0.888867
-1.94906
-2.98143
-3.9845
-4.95624
-5.8935
-6.79159
-7.64409
-8.4428
-9.17793
-9.83857
-10.4132
-10.8905
-11.2599
-11.5126
-11.6423
-11.6455
-11.522
-11.2754
-10.9127
-10.4442
-9.88313
-9.24512
-8.54743
-7.80818
-7.04569
-6.27763
-5.52045
-4.78882
-4.09517
-3.44949
-2.85915
-2.32893
-1.86119
-1.45603
-1.11166
-0.824731
-0.590688
-0.404175
-0.259363
-0.150273
-0.0710314
-0.0160874
0.0196353
0.0406357
0.0507821
0.0533
0.0507942
0.0452948
0.0383215
0.0309564
0.0239205
0.0176482
0.0123564
0.00810507
0.00484859
0.00247741
0.000849805
-0.00018489
-0.000770528
-0.0010346
-0.00108347
-0.00100108
-0.000850085
-0.000674389
-0.000502429
-0.000350582
-0.000226403
-0.000131433
-6.34878e-05
-1.84083e-05
8.68649e-06
2.25807e-05
2.74831e-05
2.68093e-05
2.31418e-05
1.82452e-05
1.32755e-05
8.89125e-06
5.38513e-06
2.80809e-06
1.06936e-06
1.07106e-08
-5.43169e-07
-7.54191e-07
-7.55588e-07
-6.47172e-07
-4.97132e-07
-3.47277e-07
-2.19485e-07
-1.21953e-07
-5.44761e-08
-1.24741e-08
1.02418e-08
1.97687e-08
2.12333e-08
1.84784e-08
1.40955e-08
9.63516e-09
5.87638e-09
3.08678e-09
1.23584e-09
1.50674e-10
-3.82662e-10
-5.61958e-10
-5.43311e-10
-4.35659e-10
-3.0624e-10
-1.90495e-10
-1.0245e-10
-4.35005e-11
-8.87464e-12
8.18579e-12
1.40933e-11
1.38886e-11
1.10224e-11
7.55728e-12
4.52717e-12
2.3009e-12
8.77659e-13
9.3168e-14
-2.55341e-13
-3.45823e-13
-3.08549e-13
-2.25938e-13
-1.42462e-13
-7.69388e-14
-3.32762e-14
-8.26551e-15
3.56598e-15
7.41427e-15
7.19656e-15
5.42047e-15
3.44824e-15
1.86594e-15
8.12395e-16
2.16006e-16
-6.08788e-17
-1.4879e-16
-1.43909e-16
-1.0566e-16
-6.47408e-17
-3.32829e-17
-1.33712e-17
-2.80371e-18
1.64722e-18
2.75033e-18
2.38289e-18
1.60391e-18
8.96598e-19
4.09448e-19
1.3281e-19
4.62285e-21
-3.79504e-20
-4.03149e-20
-2.9057e-20
-1.68197e-20
-7.95837e-21
-2.84146e-21
-4.44775e-22
3.87051e-22
4.94832e-22
3.5978e-22
2.01345e-22
9.01406e-23
3.00452e-23
4.51174e-24
-3.06412e-24
-3.48105e-24
-2.10634e-24
-9.15967e-25
-2.83042e-25
-4.82586e-26
2.45812e-27
9.15487e-28
-0
-0
-0
-0
0
-0
-0
-0
-0
-0
-0
-0
-0
-0
-0
-0
-0
0
-0
-0
-0
-0
-0
-0
-0
-0
-0
-0
-0
-0
0
-0
-0
-0
-0
-0
-0
-0
-0
-0
-0
-0
0
-0
-0
-0
-0
-0
-0
-0
-0
-0
-0
-0
0
-0
-0
-0
-0
-0
-0
-0
-0
-0
-0
0
-0
-0
-0
-0
-0
-0
-0
-0
-0
-0
0
-0
-0
-0
-0
-0
-0
-0
-0
-0
0
-0
-0
-0
-0
-0
-0
-0
-0
-0
0
-0
-0
-0
-0
-0
-0
-0
-0
0
-0
-0
-0
-0
-0
-0
-0
-0
0
-0
-0
-0
-0
-0
-0
-0
0
-0
-0
-0
-0
-0
-0
-0
0
-0
-0
-0
-0
-0
-0
-0
0
-0
-0
-0
-0
-0
-0
0
-0
-0
-0
-0
-0
-0
0
-0
-0
-0
-0
-0
0
-0
-0
-0
-0
0
-0
-0
-0
-0
0
-0
-0
-0
0
-0
-0
0
-0
-0
0
-0
0
-0
0
-0
0
-0
0
-0
0
-0
-0
-0
-0
-0
-0
-0
-0
-0
-0
-0
-0
-0
-0
-0
-0
-0
-0
-0
-0
-0
-0
-0
-0
-0
-0
-0
-0
-0
-0
-0
-0
