0
0
0
0
0
0
0
0
0
0
0
0
0
0
0
0
0
-0
-0
-0
-0
-0
-0
-0
-0
-0
-0
-0
-0
-0
-0
-0
-0
-0
-0
-0
-0
-0
-0
-0
-0
-0
-0
-0
-0
-0
-0
-0
-0
-0
-0
-0
-0
-0
-0
-0
-0
-0
-0
-0
-0
-0
-0
-0
-0
-0
-0
-0
-0
-0
-0
-0
-0
-0
-0
-0
-0
-0
-0
-0
-0
-0
-0
-0
-0
-0
-0
-0
-0
-0
-0
-0
-0
-0
-0
-0
-0
-0
-0
-0
-0
-0
-0
-0
-0
-0
-0
-0
-0
-0
-0
-0
-0
-0
-0
-0
-0
-0
-0
-0
-0
-0
-0
-0
-0
-0
-0
-0
-0
-0
-0
-0
-0
-0
-0
-0
-0
-0
-0
-0
-0
-0
-0
-0
-0
-0
-0
-0
-0
-0
-0
-0
-0
-0
-0
-0
-0
-0
-0
-0
-0
-0
-0
-0
-0
-0
-0
-0
-0
-0
-0
-0
-0
-0
-0
-0
-0
-0
-0
-0
-0
-0
-0
-0
-0
-0
-0
-0
-0
-0
-0
-0
-0
-0
-0
-0
-0
-0
-0
-0
-0
-0
-0
-0
-0
-0
-0
-0
-0
-0
-0
-0
-0
-0
-0
-0
-0
-0
-0
-0
-0
-0
-0
-0
-0
-0
-0
-0
-0
-0
-0
-0
-0
-0
-0
-0
-0
-0
-0
-0
-0
-0
-0
-0
-0
0
0
0
0
0
0
0
0
0
0
0
0
0
0
0
0
0
0
0
0
0
0
0
0
0
0
0
0
0
0
0
0
0
0
0
0
0
0
0
0
0
0
0
0
0
0
0
0
0
0
0
0
0
0
0
0
0
0
0
0
0
0
0
0
0
0
0
0
0
0
-0
-0
-0
-0
-0
-0
-0
-0
-0
-0
-0
-0
-0
-0
-0
-0
-0
-0
-0
-0
-0
-0
-0
-0
-0
-0
-0
-0
-0
-0
-0
-0
-0
-0
-0
-0
-0
-0
-0
-0
-0
-0
-0
-0
-0
-0
-0
-0.00192215
-0.00741713
-0.0150735
-0.0236812
-0.0322488
-0.0399981
-0.0463517
-0.0509165
-0.0534634
-0.053906
-0.05228
-0.0487247
-0.0434654
-0.0367956
-0.0290586
-0.020626
-0.0118751
-0.00316765
0.00516805
0.0128471
0.0196305
0.02532
0.0297502
0.0327812
0.0342969
0.0342102
0.0324736
0.029091
0.024125
0.0176945
0.00996194
0.00111066
-0.00868003
-0.0192556
-0.0304962
-0.0423124
-0.0546302
-0.0673689
-0.0804242
-0.0936606
-0.106919
-0.120038
-0.132878
-0.145349
-0.15742
-0.169112
-0.180482
-0.19159
-0.202474
-0.213133
-0.223525
-0.233586
-0.243258
-0.252515
-0.261383
-0.269937
-0.27829
-0.28656
-0.294837
-0.30317
-0.311548
-0.319926
-0.32824
-0.336447
-0.344545
-0.352587
-0.360672
-0.368925
-0.377462
-0.386369
-0.395683
-0.405396
-0.415465
-0.425845
-0.436509
-0.447469
-0.458777
-0.470514
-0.482776
-0.495647
-0.509188
-0.523425
-0.538361
-0.553983
-0.570282
-0.587262
-0.604946
-0.623371
-0.642574
-0.662579
-0.683385
-0.704964
-0.727265
-0.750223
-0.773777
-0.79788
-0.822504
-0.847637
-0.873274
-0.899402
-0.926223
-0.95392
-0.982434
-1.01168
-1.04156
-1.07197
-1.1028
-1.13397
-1.16541
-1.19707
-1.22888
-1.2608
-1.29276
-1.3247
-1.35653
-1.38814
-1.41943
-1.45028
-1.48055
-1.5101
-1.53879
-1.56648
-1.593
-1.61821
-1.64197
-1.66415
-1.68463
-1.70332
-1.72011
-1.73493
-1.74766
-1.75823
-1.7665
-1.77235
-1.77563
-1.7762
-1.77388
-1.76855
-1.76006
-1.74831
-1.7332
-1.71468
-1.69271
-1.66727
-1.63835
-1.60596
-1.5701
-1.53077
-1.48795
-1.44164
-1.39182
-1.33847
-1.28156
-1.22111
-1.15712
-1.08965
-1.01877
-0.944591
-0.867251
-0.786921
-0.703793
-0.618074
-0.529973
-0.439701
-0.347458
-0.253434
-0.15781
-0.0607581
0.0375501
0.136936
0.237207
0.338149
0.439519
0.541045
0.642425
0.743331
0.843417
0.942326
1.0397
1.13519
1.22848
1.31925
1.40724
1.49219
1.57388
1.65211
1.7267
1.79744
1.86414
1.92661
1.98461
2.03791
2.08627
2.12945
2.16719
2.19928
2.22553
2.24577
2.2599
2.26787
2.26966
2.26532
2.25494
2.23864
2.21658
2.18889
2.15577
2.11736
2.07383
2.02532
1.97199
1.91397
1.85143
1.78455
1.71353
1.63863
1.56015
1.47843
1.39387
1.30692
1.21806
1.12781
1.03668
0.945213
0.853918
0.763288
0.673779
0.585808
0.499746
0.415923
0.334632
0.256132
0.180663
0.10845
0.0397142
-0.0253185
-0.0864142
-0.143328
-0.195808
-0.243598
-0.286447
-0.32412
-0.356415
-0.383171
-0.404285
-0.419725
-0.429537
-0.433855
-0.432899
-0.426981
-0.416494
-0.401904
-0.383741
-0.362578
-0.339022
-0.313687
-0.287184
-0.260101
-0.232987
-0.20634
-0.180598
-0.156128
-0.133225
-0.112112
-0.0929374
-0.0757821
-0.0606652
-0.0475516
-0.0363601
-0.0269734
-0.0192465
-0.0130165
-0.00810984
-0.00435046
-0.00156543
0.000409836
0.00172779
0.00252612
0.00292613
0.00303214
0.0029316
0.00269585
0.00238139
0.00203144
0.00167764
0.00134191
0.0010382
0.00077415
0.000552622
0.000373015
0.000232389
0.000126375
4.9896e-05
-2.29556e-06
-3.52386e-05
-5.3513e-05
-6.10983e-05
-6.13152e-05
-5.68278e-05
-4.9688e-05
-4.1405e-05
-3.30287e-05
-2.52357e-05
-1.84124e-05
-1.273e-05
-8.20838e-06
-4.76973e-06
-2.27956e-06
-5.77988e-07
4.98353e-07
1.10161e-06
1.36487e-06
1.39906e-06
1.29199e-06
1.10967e-06
8.98902e-07
6.90587e-07
5.03136e-07
3.45678e-07
2.20876e-07
1.27232e-07
6.08861e-08
1.69234e-08
-9.72901e-09
-2.37473e-08
-2.91147e-08
-2.9012e-08
-2.58303e-08
-2.12578e-08
-1.64018e-08
-1.1919e-08
-8.13843e-09
-5.16743e-09
-2.97572e-09
-1.45891e-09
-4.82706e-10
8.86916e-11
3.76372e-10
4.79284e-10
4.72635e-10
4.09771e-10
3.25794e-10
2.41727e-10
1.68498e-10
1.10327e-10
6.73874e-11
3.77335e-11
1.85906e-11
7.13898e-12
9.24944e-13
-1.9785e-12
-2.96363e-12
-2.96025e-12
-2.53886e-12
-2.01461e-12
-1.53643e-12
-1.15536e-12
-8.72055e-13
-6.66835e-13
-5.16358e-13
-4.01354e-13
-3.08854e-13
-2.31582e-13
-1.6626e-13
-1.11813e-13
-6.79848e-14
-3.44722e-14
-1.05404e-14
5.02748e-15
1.37891e-14
1.74311e-14
1.75682e-14
1.55965e-14
1.2614e-14
9.40202e-15
6.45227e-15
4.01978e-15
2.18623e-15
9.20959e-16
1.32252e-16
-2.94297e-16
-4.70419e-16
-4.91031e-16
-4.28582e-16
-3.33072e-16
-2.35284e-16
-1.51326e-16
-8.72463e-17
-4.2982e-17
-1.53698e-17
-1.82048e-19
6.65941e-18
8.49287e-18
7.74116e-18
5.97658e-18
4.09638e-18
2.52388e-18
1.38775e-18
6.59348e-19
2.45489e-19
4.29776e-20
-3.48302e-20
-4.95499e-20
-3.91897e-20
-2.3748e-20
-1.15036e-20
-4.26669e-21
-1.0247e-21
-7.50012e-23
-0
-0
0
0
0
0
0
0
0
0
0
0
-0
-0
-0
-0
-0
-0
-0
-0
-0
0
0
0
0
0
0
0
0
0
0
-0
-0
-0
-0
-0
-0
-0
-0
-0
0
0
0
0
0
0
0
0
0
-0
-0
-0
-0
-0
-0
-0
-0
0
0
0
0
0
0
0
0
-0
-0
-0
-0
-0
-0
-0
-0
-0
0
0
0
0
0
0
0
0
-0
-0
-0
-0
-0
-0
-0
0
0
0
0
0
0
0
-0
-0
-0
-0
-0
-0
0
0
0
0
0
0
-0
-0
-0
-0
-0
-0
0
0
0
0
0
0
-0
-0
-0
-0
-0
-0
0
0
0
0
0
-0
-0
-0
-0
-0
0
0
0
0
0
0
-0
-0
-0
-0
0
0
0
0
0
-0
-0
-0
-0
-0
0
0
0
0
-0
-0
-0
-0
0
0
0
0
-0
-0
-0
-0
0
0
0
-0
-0
-0
-0
0
0
0
-0
-0
-0
0
0
-0
-0
0
0
-0
-0
0
-0
0
-0
0
-0
0
0
-0
0
0
0
0
0
0
0
0
0
0
0
0
0
0
0
0
0
0
0
0
0
0
0
0
0
0
0
