0
0
0
0
0
0
0
0
0
0
0
0
0
0
0
0
0
0
0
0
0
0
0
0
0
0
-0
-0
-0
-0
-0
-0
-0
-0
-0
-0
-0
-0
-0
-0
-0
-0
-0
-0
-0
-0
-0
-0
-0
-0
-0
-0
-0
-0
-0
-0
-0
-0
-0
-0
-0
-0
-0
-0
-0
-0
-0
-0
-0
-0
-0
-0
-0
-0
-0
-0
-0
-0
-0
-0
-0
-0
-0
-0
-0
-0
-0
-0
-0
-0
-0
-0
-0
-0
-0
-0
-0
-0
-0
-0
-0
-0
-0
-0
-0
-0
-0
-0
-0
-0
-0
-0
-0
-0
-0
-0
-0
-0
-0
-0
-0
-0
-0
-0
-0
-0
-0
-0
-0
-0
-0
-0
-0
-0
-0
-0
-0
-0
-0
-0
-0
-0
-0
-0
-0
-0
-0
-0
-0
-0
-0
-0
-0
-0
-0
-0
-0
-0
-0
-0
-0
-0
-0
-0
-0
-0
-0
-0
-0
-0
-0
-0
-0
-0
-0
-0
-0
-0
-0
-0
-0
-0
-0
-0
-0
-0
-0
-0
-0
-0
-0
-0
-0
-0
-0
-0
-0
-0
-0
-0
-0
-0
-0
-0
-0
-0
-0
-0
-0
-0
-0
-0
-0
-0
-0
-0
-0
-0
-0
-0
-0
-0
-0
-0
-0
-0
-0
-0
-0
-0
-0
-0
-0
-0
-0
-0
-0
-0
-0
-0
-0
-0
-0
-0
-0
-0
-0
-0
-0
-0
0
0
0
0
0
0
0
0
0
0
0
0
0
0
0
0
0
0
0
0
0
0
0
0
0
0
0
0
0
0
0
0
0
0
0
0
0
0
0
0
0
0
0
0
0
0
0
0
0
0
0
0
0
0
0
0
0
0
0
0
0
0
0
0
0
0
0
0
0
-0
-0
-0
-0
-0
-0
-0
-0
-0
-0
-0
-0
-0
-0
-0
-0
-0
-0
-0
-0
-0
-0
-0
-0
-0
-0
-0
-0
-0
-0
-0
-0
-0
-0
-0
-0
-0
-0
-0
-0
-0
-0
-0
-0
-0
-0.000955851
-0.00550399
-0.0117531
-0.0177445
-0.0219328
-0.0232048
-0.0208769
-0.0146748
-0.00469476
0.00864943
0.0246901
0.0425754
0.0613394
0.0799689
0.0974635
0.112887
0.125411
0.134349
0.139182
0.139575
0.135388
0.126672
0.113656
0.0967245
0.0763884
0.0532481
0.0279569
0.00118534
-0.0264104
-0.0542141
-0.0816695
-0.108295
-0.133689
-0.157539
-0.179612
-0.199757
-0.217889
-0.233991
-0.248098
-0.260302
-0.270746
-0.279628
-0.287193
-0.293724
-0.299522
-0.304874
-0.310025
-0.31515
-0.32034
-0.325608
-0.330912
-0.336199
-0.341441
-0.346674
-0.352002
-0.357583
-0.363584
-0.370127
-0.377248
-0.384863
-0.392791
-0.400789
-0.408635
-0.416189
-0.423457
-0.430596
-0.437888
-0.445665
-0.454219
-0.463729
-0.474212
-0.485534
-0.497467
-0.509784
-0.52235
-0.535193
-0.548525
-0.562702
-0.578137
-0.595194
-0.614098
-0.634876
-0.657371
-0.681301
-0.706362
-0.732332
-0.759147
-0.786926
-0.81593
-0.846482
-0.878855
-0.913181
-0.949399
-0.987256
-1.02638
-1.06634
-1.10681
-1.14757
-1.18858
-1.22992
-1.27191
-1.31513
-1.35966
-1.40542
-1.45212
-1.4994
-1.54683
-1.59405
-1.64077
-1.68688
-1.73237
-1.77729
-1.8217
-1.86556
-1.90875
-1.95099
-1.9919
-2.03107
-2.06808
-2.1026
-2.1344
-2.16334
-2.18937
-2.21243
-2.23247
-2.24932
-2.26279
-2.27257
-2.27833
-2.27974
-2.27653
-2.26847
-2.25541
-2.23729
-2.21404
-2.18561
-2.15194
-2.11291
-2.06837
-2.01818
-1.96219
-1.9003
-1.83246
-1.75867
-1.67898
-1.59349
-1.50228
-1.40546
-1.3031
-1.19527
-1.08205
-0.963514
-0.8398
-0.711084
-0.5776
-0.439632
-0.297503
-0.151555
-0.00213844
0.150404
0.305739
0.46354
0.623475
0.785197
0.948331
1.11247
1.27715
1.4419
1.6062
1.76952
1.93132
2.09108
2.24826
2.40236
2.55288
2.69932
2.8412
2.97805
3.10937
3.23471
3.35358
3.46553
3.5701
3.66684
3.75531
3.83511
3.90582
3.96709
4.01857
4.05995
4.09099
4.11146
4.12122
4.12014
4.10816
4.08526
4.05144
4.00674
3.95123
3.88501
3.80819
3.72094
3.62346
3.51597
3.39879
3.27228
3.13686
2.99301
2.8413
2.68232
2.51672
2.3452
2.16845
1.9872
1.8022
1.61418
1.42387
1.23204
1.03942
0.846766
0.65486
0.464488
0.27646
0.091606
-0.0892297
-0.265194
-0.435437
-0.599123
-0.755449
-0.903658
-1.04305
-1.17301
-1.29299
-1.40253
-1.50127
-1.58893
-1.6653
-1.73026
-1.78374
-1.82571
-1.85622
-1.87534
-1.88318
-1.87992
-1.86576
-1.84101
-1.80601
-1.76122
-1.70719
-1.64459
-1.57418
-1.49687
-1.41364
-1.3256
-1.2339
-1.13977
-1.04445
-0.949175
-0.855143
-0.763479
-0.675209
-0.591234
-0.512311
-0.439039
-0.371853
-0.311019
-0.256646
-0.208689
-0.166974
-0.131209
-0.10101
-0.0759237
-0.0554476
-0.039055
-0.0262127
-0.0163988
-0.00911688
-0.00390687
-0.000353033
0.0019114
0.00320223
0.00378467
0.00387567
0.00364767
0.00323338
0.00273106
0.00221006
0.0017162
0.00127686
0.000905471
0.000605496
0.000373678
0.000202674
8.30724e-05
4.86163e-06
-4.1569e-05
-6.48094e-05
-7.21092e-05
-6.92776e-05
-6.07364e-05
-4.96676e-05
-3.82105e-05
-2.7675e-05
-1.8747e-05
-1.16713e-05
-6.4048e-06
-2.73661e-06
-3.77392e-07
9.79123e-07
1.61744e-06
1.77936e-06
1.65589e-06
1.38782e-06
1.07136e-06
7.66307e-07
5.04818e-07
2.99603e-07
1.50861e-07
5.1724e-08
-7.80554e-09
-3.82371e-08
-4.905e-08
-4.79509e-08
-4.06789e-08
-3.11378e-08
-2.1735e-08
-1.37397e-08
-7.6278e-09
-3.38214e-09
-7.24438e-10
7.22663e-10
1.33421e-09
1.42899e-09
1.24897e-09
9.59773e-10
6.6232e-10
4.08741e-10
2.18118e-10
8.97546e-11
1.31064e-11
-2.55886e-11
-3.94274e-11
-3.89955e-11
-3.18585e-11
-2.28152e-11
-1.44922e-11
-8.00834e-12
-3.56156e-12
-8.74958e-13
5.03456e-13
1.02573e-12
1.06054e-12
8.69008e-13
6.13291e-13
3.79154e-13
2.00949e-13
8.30004e-14
1.52245e-14
-1.69229e-14
-2.70609e-14
-2.56431e-14
-1.9593e-14
-1.28609e-14
-7.28126e-15
-3.38867e-15
-1.0461e-15
1.40542e-16
5.89014e-16
6.35763e-16
5.09033e-16
3.41302e-16
1.95742e-16
9.27835e-17
3.07604e-17
-5.49336e-19
-1.24285e-17
-1.39316e-17
-1.10823e-17
-7.26915e-18
-4.03221e-18
-1.81823e-18
-5.42595e-19
6.18025e-20
2.64632e-19
2.68477e-19
1.99205e-19
1.21831e-19
6.20665e-20
2.45089e-20
4.87518e-21
-3.17732e-21
-5.02264e-21
-4.23398e-21
-2.7736e-21
-1.50034e-21
-6.52489e-22
-1.88901e-22
1.4617e-23
7.44822e-23
7.07664e-23
4.81236e-23
2.64549e-23
1.17338e-23
3.69089e-24
1.73762e-25
-8.89532e-25
-8.97573e-25
-6.01683e-25
-3.187e-25
-1.34586e-25
-4.01404e-26
-2.19771e-27
7.78801e-27
7.20004e-27
4.29445e-27
1.96871e-27
6.91741e-28
1.5813e-28
-1.77905e-30
-2.29027e-29
-1.21995e-29
-3.32757e-30
-3.01488e-31
-0
-0
0
0
0
0
0
0
0
-0
-0
-0
-0
-0
-0
0
0
0
0
0
0
-0
-0
-0
-0
-0
-0
0
0
0
0
0
0
-0
-0
-0
-0
-0
-0
0
0
0
0
0
0
-0
-0
-0
-0
-0
-0
0
0
0
0
0
-0
-0
-0
-0
-0
-0
0
0
0
0
0
-0
-0
-0
-0
-0
0
0
0
0
0
-0
-0
-0
-0
-0
0
0
0
0
0
-0
-0
-0
-0
-0
0
0
0
0
-0
-0
-0
-0
-0
0
0
0
0
-0
-0
-0
-0
0
0
0
0
0
-0
-0
-0
-0
0
0
0
0
-0
-0
-0
0
0
0
0
-0
-0
-0
-0
0
0
0
-0
-0
-0
0
0
0
0
-0
-0
-0
0
0
0
-0
-0
0
0
0
-0
-0
0
0
0
-0
-0
0
0
-0
-0
0
-0
-0
0
-0
0
-0
0
-0
0
-0
0
-0
0
0
0
0
0
0
0
0
0
0
0
0
0
0
0
0
0
0
0
0
0
0
0
0
0
0
0
0
0
0
0
0
0
0
0
