0
-0
-0
-0
-0
-0
-0
-0
-0
-0
-0
-0
-0
-0
-0
-0
-0
-0
-0
-0
-0
-0
-0
-0
-0
-0
-0
-0
-0
-0
-0
-0
-0
-0
-0
-0
-0
-0
-0
-0
-0
-0
-0
-0
-0.000987319
-0.00349187
-0.00609575
-0.00880145
-0.011584
-0.0143833
-0.0171192
-0.0197098
-0.022085
-0.0241927
-0.0260005
-0.0274959
-0.0286889
-0.0296192
-0.030364
-0.0310427
-0.0318141
-0.0328642
-0.0343895
-0.0365778
-0.0395909
-0.0435471
-0.0484987
-0.0544
-0.0610676
-0.0681422
-0.0750715
-0.0811377
-0.085542
-0.0875443
-0.0866316
-0.0826719
-0.0760047
-0.0674316
-0.0581001
-0.0493057
-0.0422662
-0.0379297
-0.0368668
-0.0392619
-0.0449876
-0.0537126
-0.06499
-0.0782896
-0.0929665
-0.108198
-0.122932
-0.135903
-0.145727
-0.151076
-0.15088
-0.144516
-0.131929
-0.113671
-0.090872
-0.0651633
-0.0385827
-0.0134622
0.0077174
0.0225354
0.0289223
0.0255136
0.0120003
-0.0106222
-0.0400113
-0.0727053
-0.104613
-0.131672
-0.150524
-0.159032
-0.156514
-0.143652
-0.122129
-0.0941468
-0.0619756
-0.0276762
0.00695631
0.040272
0.0705809
0.0960387
0.114698
0.124746
0.124867
0.114602
0.0946009
0.066655
0.0335285
-0.0013803
-0.0344411
-0.0621756
-0.0815701
-0.0903147
-0.086998
-0.0712833
-0.0440602
-0.00752116
0.034918
0.0789214
0.119774
0.15309
0.174662
0.182923
0.178998
0.164636
0.142693
0.116426
0.0888085
0.0620562
0.0374833
0.0156891
-0.00304483
-0.0183301
-0.0294031
-0.0351235
-0.0342445
-0.0258499
-0.009795
0.0130144
0.0406059
0.0701969
0.0986396
0.122925
0.140613
0.150102
0.150733
0.142751
0.127213
0.105872
0.0810538
0.0555077
0.0321649
0.0138018
0.00262803
-0.000108775
0.00561899
0.018606
0.0366917
0.0572808
0.0779666
0.0970724
0.113939
0.128864
0.14273
0.156438
0.17038
0.184122
0.196431
0.205641
0.210224
0.209381
0.203432
0.193883
0.18315
0.174024
0.169053
0.170032
0.177713
0.191799
0.21115
0.234115
0.258849
0.283567
0.30668
0.326883
0.34322
0.355167
0.362736
0.366529
0.367689
0.367694
0.368011
0.3697
0.373088
0.377645
0.382149
0.385102
0.38528
0.382243
0.376604
0.369944
0.364382
0.361911
0.363729
0.369773
0.378633
0.387865
0.394622
0.396394
0.391631
0.380066
0.362659
0.341229
0.31789
0.294513
0.272338
0.251845
0.23284
0.214693
0.19659
0.17774
0.157468
0.135247
0.110711
0.0837006
0.0543465
0.023159
-0.00895851
-0.0408306
-0.0712828
-0.0995109
-0.125427
-0.149843
-0.17438
-0.201084
-0.231839
-0.267737
-0.308635
-0.353048
-0.398458
-0.441953
-0.481015
-0.514215
-0.541576
-0.564516
-0.585363
-0.606632
-0.630271
-0.657125
-0.686762
-0.717686
-0.747832
-0.775168
-0.798204
-0.816274
-0.829541
-0.83879
-0.8451
-0.849555
-0.853029
-0.856113
-0.859107
-0.862033
-0.864623
-0.866269
-0.86599
-0.862492
-0.854353
-0.840353
-0.819854
-0.793112
-0.761383
-0.726723
-0.691512
-0.657799
-0.626673
-0.597875
-0.569798
-0.539907
-0.505478
-0.464427
-0.415974
-0.360926
-0.301487
-0.240647
-0.181354
-0.125717
-0.0744927
-0.02699
0.0185969
0.0645644
0.112993
0.165178
0.221348
0.280714
0.341777
0.402761
0.462017
0.518291
0.570825
0.619321
0.663856
0.7048
0.742779
0.778651
0.813446
0.8482
0.883704
0.920186
0.957073
0.992919
1.02562
1.05286
1.07278
1.08451
1.08863
1.08707
1.08271
1.07865
1.07726
1.07956
1.08486
1.09097
1.09485
1.0935
1.08491
1.06862
1.04589
1.01933
0.99215
0.96731
0.946766
0.931071
0.919386
0.909881
0.900332
0.888743
0.873794
0.855034
0.832805
0.808009
0.781812
0.755396
0.729807
0.705887
0.684223
0.665079
0.648282
0.633108
0.618241
0.601889
0.582096
0.55721
0.526389
0.489974
0.449574
0.407783
0.367543
0.331332
0.300398
0.274298
0.250911
0.226953
0.198879
0.163905
0.120838
0.0704786
0.0154358
-0.0405673
-0.0937097
-0.141097
-0.181496
-0.215569
-0.245569
-0.2746
-0.305693
-0.340972
-0.381133
-0.425367
-0.471685
-0.517506
-0.560307
-0.598149
-0.629957
-0.655535
-0.675388
-0.690456
-0.701859
-0.710722
-0.718069
-0.724738
-0.731279
-0.737794
-0.743767
-0.747956
-0.748447
-0.742927
-0.729165
-0.705605
-0.671895
-0.629163
-0.57991
-0.527469
-0.475168
-0.425382
-0.378789
-0.334055
-0.288083
-0.236802
-0.176285
-0.10388
-0.0190334
0.0764669
0.178887
0.2835
0.385807
0.482684
0.573131
0.658407
0.741539
0.826358
0.916363
1.01372
1.1187
1.22961
1.34329
1.45591
1.56385
1.66442
1.75628
1.83937
1.91469
1.98373
2.04804
2.10882
2.16672
2.22176
2.27342
2.32066
2.36197
2.39544
2.41882
2.42974
2.42603
2.40613
2.36951
2.3169
2.25029
2.17251
2.08658
1.9948
1.89798
1.79498
1.68273
1.55681
1.41251
1.24606
1.05569
0.842286
0.609301
0.362023
0.106293
-0.152963
-0.41298
-0.673841
-0.938389
-1.21139
-1.49814
-1.80294
-2.12777
-2.47164
-2.83062
-3.19874
-3.56927
-3.93621
-4.29552
-4.64575
-4.98799
-5.3252
-5.66103
-5.99862
-6.33957
-6.68336
-7.02733
-7.36722
-7.69794
-8.01445
-8.31256
-8.58935
-8.8433
-9.07407
-9.28215
-9.46842
-9.63376
-9.77878
-9.90362
-10.0079
-10.0905
-10.1497
-10.1831
-10.1873
-10.1589
-10.0943
-9.9904
-9.8454
-9.65914
-9.43334
-9.17141
-8.87783
-8.55714
-8.21284
-7.84639
-7.45669
-7.04016
-6.59152
-6.10509
-5.57637
-5.00353
-4.38831
-3.73619
-3.05564
-2.35659
-1.6485
-0.938476
-0.229886
0.478138
1.19012
1.91272
2.65259
3.41415
4.19775
4.99884
5.80816
6.61314
7.4001
8.15671
8.87423
9.54891
10.1822
10.7798
11.3495
11.8991
12.4333
12.9526
13.4517
13.9209
14.347
14.7161
15.016
15.2386
15.3813
15.4471
15.4436
15.3811
15.2699
15.1182
14.9299
14.7037
14.4339
14.1113
13.7254
13.2671
12.7307
12.1156
11.4269
10.6743
9.87126
9.03243
8.17144
7.29893
6.42123
5.54007
4.65316
3.75574
2.84251
1.90976
0.957133
-0.0112741
-0.986612
-1.95592
-2.90349
-3.81274
-4.66819
-5.45725
-6.17143
-6.80688
-7.3641
-7.84698
-8.26136
-8.6133
-8.90751
-9.14608
-9.32779
-9.44809
-9.49971
-9.47381
-9.36155
-9.15565
-8.85196
-8.45058
-7.9566
-7.38016
-6.73607
-6.04283
-5.32135
-4.59349
-3.88049
-3.20164
-2.57316
-2.00738
-1.51243
-1.09216
-0.746467
-0.471898
-0.262353
-0.109911
-0.00563777
0.0596826
0.094937
0.108221
0.106534
0.0956248
0.0799622
0.0628088
0.0463618
0.0319359
0.0201595
0.0111645
0.00475613
0.000553547
-0.00190191
-0.00307013
-0.00336374
-0.00312263
-0.00260591
-0.00199564
-0.0014076
-0.000905243
-0.000514073
-0.000234574
-5.28414e-05
5.14819e-05
9.98041e-05
0.00011135
0.000101593
8.18592e-05
5.9651e-05
3.93448e-05
2.30043e-05
1.11503e-05
3.39938e-06
-1.05937e-06
-3.14446e-06
-3.69408e-06
-3.3776e-06
-2.67377e-06
-1.88822e-06
-1.1893e-06
-6.48149e-07
-2.7483e-07
-4.67377e-08
7.15487e-08
1.16038e-07
1.1701e-07
9.67787e-08
6.99064e-08
4.46249e-08
2.46309e-08
1.07594e-08
2.30847e-09
-2.04031e-09
-3.66338e-09
-3.71379e-09
-3.0261e-09
-2.12905e-09
-1.30825e-09
-6.81311e-10
-2.64993e-10
-2.60155e-11
8.55994e-11
1.1774e-10
1.07905e-10
8.14055e-11
5.2962e-11
2.95183e-11
1.31345e-11
3.2797e-12
-1.64867e-12
-3.3945e-12
-3.39612e-12
-2.65169e-12
-1.75296e-12
-9.87237e-13
-4.47698e-13
-1.23648e-13
3.75976e-14
9.48049e-14
9.60928e-14
7.42025e-14
4.79746e-14
2.61409e-14
1.12328e-14
2.64391e-15
-1.37102e-15
-2.60611e-15
-2.44659e-15
-1.78024e-15
-1.081e-15
-5.42755e-16
-2.01168e-16
-2.09294e-17
5.21625e-17
6.6029e-17
5.40426e-17
3.54904e-17
1.93369e-17
8.31452e-18
2.09474e-18
-7.1281e-19
-1.52743e-18
-1.40214e-18
-9.73387e-19
-5.5366e-19
-2.52804e-19
-7.73409e-20
5.15699e-21
3.2068e-20
3.21141e-20
2.29034e-20
1.31706e-20
6.0719e-21
1.92698e-21
-1.36362e-23
-6.47693e-22
-6.6107e-22
-4.66349e-22
-2.62229e-22
-1.16875e-22
-3.47729e-23
1.88939e-24
1.27848e-23
1.21626e-23
8.12918e-24
4.30828e-24
1.76702e-24
4.30662e-25
-1.09075e-25
-2.33577e-25
-1.93256e-25
-1.17345e-25
-5.61466e-26
-1.96848e-26
-2.6435e-27
3.05731e-27
3.59264e-27
2.4922e-27
1.31872e-27
5.35892e-28
1.35815e-28
-1.86757e-29
-5.22362e-29
-4.17817e-29
-2.36952e-29
-1.03228e-29
-3.12881e-30
-1.87083e-31
5.88784e-31
5.41648e-31
3.17027e-31
1.39543e-31
4.37954e-32
5.17977e-33
-5.0439e-33
-4.94573e-33
-2.76175e-33
-1.11659e-33
-3.11036e-34
-2.95978e-35
2.7625e-35
2.06328e-35
8.02179e-36
1.81414e-36
1.45826e-37
-1.81906e-40
-0
-0
-0
-0
-0
-0
-0
-0
-0
-0
0
-0
-0
-0
-0
-0
-0
-0
-0
-0
-0
0
-0
-0
-0
-0
-0
-0
-0
-0
-0
-0
0
-0
-0
-0
-0
-0
-0
-0
-0
-0
-0
0
-0
-0
-0
-0
-0
-0
-0
-0
-0
0
-0
-0
-0
-0
-0
-0
-0
-0
0
-0
-0
-0
-0
-0
-0
-0
-0
0
-0
-0
-0
-0
-0
-0
-0
-0
0
-0
-0
-0
-0
-0
-0
-0
-0
0
-0
-0
-0
-0
-0
-0
-0
0
-0
-0
-0
-0
-0
-0
0
-0
-0
-0
-0
-0
-0
0
-0
-0
-0
-0
-0
-0
0
-0
-0
-0
-0
-0
0
-0
-0
-0
-0
0
-0
-0
-0
-0
0
-0
-0
-0
-0
0
-0
-0
-0
0
-0
-0
0
-0
0
-0
0
-0
0
-0
0
-0
0
-0
0
-0
-0
-0
-0
-0
-0
-0
-0
-0
-0
-0
-0
-0
-0
-0
-0
-0
-0
-0
-0
-0
-0
-0
-0
-0
-0
-0
-0
-0
-0
-0
-0
-0
-0
