-0.000129627
-0.000762654
-0.0018358
-0.00325184
-0.0049201
-0.00676338
-0.0087233
-0.0107636
-0.0128706
-0.0150513
-0.0173275
-0.0197288
-0.0222827
-0.0250045
-0.0278869
-0.0308911
-0.0339403
-0.0369166
-0.0396616
-0.0419814
-0.0436564
-0.044454
-0.0441454
-0.0425235
-0.0394211
-0.0347284
-0.0284072
-0.0205009
-0.0111382
-0.000531581
0.0110328
0.0232108
0.0356232
0.0478826
0.0596239
0.0705365
0.0803942
0.0890822
0.0966183
0.103165
0.109036
0.114684
0.120691
0.127734
0.136556
0.147918
0.162558
0.181142
0.204217
0.232179
0.265236
0.303393
0.346448
0.393996
0.445456
0.500109
0.557142
0.615706
0.674982
0.734242
0.792909
0.850615
0.907238
0.962934
1.01815
1.07361
1.13029
1.1894
1.25226
1.32032
1.395
1.47763
1.5694
1.67124
1.78379
1.90732
2.04175
2.18658
2.34096
2.5037
2.67335
2.84824
3.02661
3.20665
3.38666
3.56508
3.74062
3.91229
4.07948
4.24192
4.39977
4.55351
4.70394
4.85209
4.99914
5.14633
5.29485
5.44571
5.59972
5.75734
5.91951
6.088
6.26235
6.44161
6.62443
6.80916
6.99382
7.17631
7.35439
7.52587
7.68863
7.84079
7.98073
8.10722
8.21941
8.31689
8.39969
8.46829
8.52351
8.56653
8.59877
8.62181
8.63727
8.64677
8.65176
8.65351
8.65297
8.65072
8.64697
8.64152
8.63378
8.62277
8.60721
8.58558
8.55619
8.51732
8.46728
8.40452
8.32776
8.23605
8.12885
8.00606
7.86812
7.71593
7.55091
7.37491
7.19017
6.99925
6.80491
6.61003
6.4175
6.2301
6.05039
5.88066
5.72283
5.5784
5.44841
5.33344
5.23365
5.14877
5.0782
5.02109
4.97639
4.94301
4.91987
4.90603
4.90079
4.90376
4.91492
4.93467
4.96387
5.00382
5.05622
5.12315
5.20697
5.31026
5.43568
5.58588
5.76339
5.97046
6.20902
6.48053
6.78593
7.12556
7.49915
7.90579
8.34397
8.81159
9.30604
9.8243
10.363
10.9185
11.4872
12.0654
12.6495
13.2361
13.8222
14.405
14.9824
15.5523
16.1134
16.6645
17.2049
17.7341
18.2516
18.7571
19.2504
19.7308
20.1976
20.6495
21.085
21.5018
21.8972
22.268
22.6102
22.9195
23.1911
23.4195
23.5994
23.725
23.7906
23.7905
23.7194
23.5723
23.3446
23.0325
22.6327
22.1428
21.5611
20.8866
20.1194
19.26
18.3098
17.2706
16.1449
14.9354
13.6453
12.2776
10.8357
9.32272
7.74164
6.09526
4.38609
2.61636
0.788001
-1.09733
-3.03815
-5.03315
-7.08104
-9.18045
-11.3298
-13.5273
-15.7706
-18.0567
-20.3823
-22.7429
-25.1334
-27.5478
-29.9792
-32.4198
-34.8608
-37.2928
-39.7056
-42.0884
-44.43
-46.7189
-48.9434
-51.0919
-53.153
-55.1156
-56.9692
-58.704
-60.3109
-61.7818
-63.1094
-64.2877
-65.3115
-66.1766
-66.8799
-67.4193
-67.7933
-68.0015
-68.0438
-67.9208
-67.6335
-67.1831
-66.5711
-65.7991
-64.8685
-63.7808
-62.5374
-61.1396
-59.5885
-57.8853
-56.0312
-54.0273
-51.8751
-49.5764
-47.1335
-44.549
-41.8267
-38.971
-35.9874
-32.8825
-29.6643
-26.3419
-22.9258
-19.4281
-15.8621
-12.2425
-8.58526
-4.90743
-1.22716
2.43658
6.06417
9.63557
13.1306
16.5289
19.8108
22.9569
25.9488
28.7691
31.4017
33.832
36.0474
38.0369
39.7916
41.3049
42.5722
43.5913
44.3624
44.8875
45.1713
45.2203
45.0428
44.6493
44.0517
43.2634
42.2989
41.174
39.9051
38.5091
37.0035
35.4058
33.7333
32.0032
30.2322
28.4363
26.6306
24.8296
23.0465
21.2934
19.5813
17.9199
16.3178
14.7821
13.3187
11.9325
10.6269
9.40444
8.26638
7.21315
6.24424
5.35832
4.55337
3.82673
3.17523
2.59525
2.08286
1.63383
1.24378
0.908216
0.622622
0.382495
0.183419
0.0211022
-0.108578
-0.209546
-0.285503
-0.339903
-0.375947
-0.396568
-0.404432
-0.40194
-0.391231
-0.374195
-0.352477
-0.327498
-0.300467
-0.272395
-0.244116
-0.216301
-0.189478
-0.164046
-0.140293
-0.118411
-0.0985123
-0.0806392
-0.0647802
-0.0508795
-0.0388475
-0.0285692
-0.0199124
-0.0127342
-0.00688614
-0.00221932
0.00141226
0.00414866
0.0061219
0.00745442
0.00825805
0.00863347
0.0086701
0.00844622
0.00802937
0.00747695
0.00683694
0.00614868
0.00544379
0.00474698
0.00407698
0.00344733
0.00286724
0.00234223
0.00187494
0.0014656
0.00111268
0.00081328
0.000563578
0.000359131
0.00019512
6.6808e-05
-3.04947e-05
-0.000101347
-0.000150063
-0.000180629
-0.000196655
-0.00020134
-0.00019747
-0.000187421
-0.000173181
-0.000156375
-0.000138304
-0.000119972
-0.000102136
-8.53309e-05
-6.99153e-05
-5.60993e-05
-4.39766e-05
-3.35512e-05
-2.47608e-05
-1.74965e-05
-1.16196e-05
-6.97473e-06
-3.40029e-06
-7.36747e-07
1.16777e-06
2.45342e-06
3.24625e-06
3.65693e-06
3.78048e-06
3.69674e-06
3.47128e-06
3.15666e-06
2.79393e-06
2.41414e-06
2.03987e-06
1.68673e-06
1.36466e-06
1.07919e-06
8.3246e-07
6.24161e-07
4.52256e-07
3.13605e-07
2.04447e-07
1.2076e-07
5.85399e-08
1.39841e-08
-1.63847e-08
-3.5648e-08
-4.64634e-08
-5.10637e-08
-5.12791e-08
-4.85713e-08
-4.40764e-08
-3.86499e-08
-3.29133e-08
-2.72967e-08
-2.20785e-08
-1.74205e-08
-1.33977e-08
-1.00228e-08
-7.2668e-09
-5.07447e-09
-3.37661e-09
-2.09874e-09
-1.16736e-09
-5.13945e-10
-7.73469e-11
1.95088e-10
3.47272e-10
4.14748e-10
4.25444e-10
4.00636e-10
3.55984e-10
3.0256e-10
2.47805e-10
1.96373e-10
1.50858e-10
1.12394e-10
8.11289e-11
5.6597e-11
3.79909e-11
2.43571e-11
1.47281e-11
8.20395e-12
3.99801e-12
1.45553e-12
5.47769e-14
-6.03139e-13
-8.10453e-13
-7.71424e-13
-6.2101e-13
-4.42005e-13
-2.79818e-13
-1.54557e-13
-7.04381e-14
-2.27552e-14
-2.75175e-15
-0
-0
-0
-0
-0
-0
-0
-0
-0
0
0
0
0
0
0
0
0
0
0
0
0
0
0
0
0
0
0
-0
-0
-0
-0
-0
-0
-0
-0
-0
-0
-0
-0
-0
-0
-0
-0
-0
0
0
0
0
0
0
0
0
0
0
0
0
0
0
0
0
0
-0
-0
-0
-0
-0
-0
-0
-0
-0
-0
-0
-0
-0
-0
-0
-0
-0
0
0
0
0
0
0
0
0
0
0
0
0
0
0
0
0
-0
-0
-0
-0
-0
-0
-0
-0
-0
-0
-0
-0
-0
-0
-0
0
0
0
0
0
0
0
0
0
0
0
0
0
0
0
-0
-0
-0
-0
-0
-0
-0
-0
-0
-0
-0
-0
-0
-0
0
0
0
0
0
0
0
0
0
0
0
0
0
0
-0
-0
-0
-0
-0
-0
-0
-0
-0
-0
-0
-0
-0
-0
0
0
0
0
0
0
0
0
0
0
0
0
0
-0
-0
-0
-0
-0
-0
-0
-0
-0
-0
-0
-0
-0
0
0
0
0
0
0
0
0
0
0
0
0
-0
-0
-0
-0
-0
-0
-0
-0
-0
-0
-0
-0
0
0
0
0
0
0
0
0
0
0
0
0
-0
-0
-0
-0
-0
-0
-0
-0
-0
-0
-0
0
0
0
0
0
0
0
0
0
0
0
-0
-0
-0
-0
-0
-0
-0
-0
-0
-0
-0
0
0
0
0
0
0
0
0
0
0
-0
-0
-0
-0
-0
-0
-0
-0
-0
-0
0
0
0
0
0
0
0
0
0
-0
-0
-0
-0
-0
-0
-0
-0
-0
-0
0
0
0
0
0
0
0
0
0
-0
-0
-0
-0
-0
-0
-0
-0
-0
0
0
0
0
0
0
0
0
-0
-0
-0
-0
-0
-0
-0
-0
0
0
0
0
0
0
0
0
-0
-0
-0
-0
-0
-0
-0
-0
0
0
0
0
0
0
0
0
-0
-0
-0
-0
-0
-0
-0
0
0
0
0
0
0
0
-0
-0
-0
-0
-0
-0
-0
0
0
0
0
0
0
-0
-0
-0
-0
-0
-0
0
0
0
0
0
0
-0
-0
-0
-0
-0
-0
0
0
0
0
0
-0
-0
-0
-0
-0
0
0
0
0
-0
-0
-0
-0
-0
0
0
0
-0
-0
-0
-0
0
0
-0
-0
-0
0
0
-0
0
-0
0
-0
0
0
0
0
0
0
0
0
0
0
0
0
0
0
0
0
0
0
0
0
0
0
0
0
0
0
0
0
0
0
