0
-0
-0
-0
-0
-0
-0
-0
-0
-0
-0
-3.55379e-05
-0.00199131
-0.00480441
-0.00737599
-0.00977201
-0.0119896
-0.0139538
-0.0155227
-0.0165027
-0.0166702
-0.0157999
-0.0136949
-0.0102177
-0.00531614
0.000955849
0.00842796
0.0168138
0.0257232
0.0346868
0.0431906
0.0507192
0.0568029
0.0610668
0.0632759
0.063372
0.0614999
0.058018
0.0534924
0.048673
0.0444529
0.0418121
0.0417502
0.0452117
0.0530101
0.0657559
0.083795
0.107164
0.135563
0.168358
0.204598
0.243073
0.282377
0.321007
0.35746
0.390352
0.418522
0.441136
0.457771
0.468474
0.47379
0.474764
0.472895
0.470074
0.468471
0.47041
0.478227
0.494107
0.519938
0.557166
0.606678
0.66871
0.742799
0.827776
0.921801
1.02245
1.12681
1.2317
1.33376
1.42972
1.51657
1.59172
1.65322
1.69982
1.73112
1.74754
1.75036
1.7416
1.72395
1.70055
1.67483
1.65026
1.63017
1.61746
1.61444
1.62267
1.64279
1.67448
1.71645
1.76648
1.8215
1.87779
1.93116
1.9772
2.0115
2.02995
2.02894
2.00562
1.95804
1.8853
1.78759
1.66739
1.55234
1.43177
1.2989
1.15781
1.01285
0.868407
0.728696
0.597514
0.478057
0.372751
0.283129
0.209758
0.152214
0.109118
0.0782138
0.0565054
0.0404247
0.0260372
0.00926625
-0.0138734
-0.0470456
-0.0933786
-0.155277
-0.234273
-0.33092
-0.444738
-0.574214
-0.716854
-0.869289
-1.02742
-1.18663
-1.34195
-1.48836
-1.62097
-1.73529
-1.82744
-1.89432
-1.93376
-1.9446
-1.9268
-1.88134
-1.81023
-1.71635
-1.60334
-1.47535
-1.33687
-1.19245
-1.0465
-0.903031
-0.765469
-0.636454
-0.517715
-0.409982
-0.312946
-0.225275
-0.144688
-0.068076
0.00833331
0.0887736
0.177712
0.279605
0.398657
0.538579
0.702377
0.892171
1.10905
1.35297
1.62273
1.91597
2.22927
2.5582
2.89757
3.24157
3.58404
3.91868
4.23934
4.54024
4.81621
5.06288
5.27683
5.45572
5.59836
5.70468
5.77571
5.81345
5.82078
5.8012
5.75867
5.69734
5.62133
5.53443
5.43993
5.34042
5.23755
5.13197
5.02326
4.90985
4.78912
4.65744
4.51035
4.34268
4.14886
3.92306
3.65953
3.35282
2.99805
2.59113
2.12899
1.60972
1.03271
0.3987
-0.290191
-1.03053
-1.81763
-2.64575
-3.50822
-4.39772
-5.30649
-6.22661
-7.15026
-8.06997
-8.97886
-9.87086
-10.7408
-11.5848
-12.3998
-13.1842
-13.9374
-14.6599
-15.353
-16.0189
-16.6603
-17.2799
-17.8808
-18.4657
-19.0368
-19.5956
-20.1427
-20.6778
-21.1991
-21.7039
-22.188
-22.646
-23.0716
-23.4572
-23.7947
-24.0753
-24.29
-24.4296
-24.4854
-24.4491
-24.3132
-24.0716
-23.719
-23.2521
-22.6687
-21.9687
-21.1534
-20.226
-19.1913
-18.0553
-16.8256
-15.5107
-14.12
-12.6633
-11.1509
-9.59301
-7.99948
-6.37976
-4.74256
-3.09566
-1.44579
0.201457
1.84167
3.47163
5.08921
6.6933
8.28365
9.86067
11.4252
12.9783
14.5211
16.0541
17.5777
19.0911
20.5928
22.0799
23.5484
24.9927
26.406
27.7798
29.1044
30.3688
31.5608
32.6676
33.6756
34.5706
35.3389
35.9665
36.4405
36.7485
36.8798
36.825
36.5765
36.1289
35.4791
34.6263
33.5725
32.3219
30.8816
29.2612
27.4726
25.53
23.4497
21.2498
18.9501
16.5713
14.1353
11.6646
9.18168
6.70909
4.26887
1.88232
-0.430381
-2.65036
-4.76035
-6.74489
-8.59048
-10.2857
-11.8213
-13.1904
-14.3882
-15.4121
-16.2618
-16.9391
-17.4474
-17.7922
-17.9805
-18.0208
-17.9225
-17.6964
-17.3539
-16.907
-16.3681
-15.7497
-15.0643
-14.3244
-13.542
-12.7285
-11.8949
-11.0514
-10.2075
-9.37168
-8.55162
-7.75405
-6.9848
-6.24872
-5.54981
-4.89115
-4.27501
-3.70289
-3.17556
-2.69315
-2.25521
-1.86078
-1.50845
-1.19647
-0.922773
-0.685057
-0.48086
-0.307605
-0.162655
-0.0433571
0.0529087
0.128701
0.186483
0.228599
0.257256
0.274508
0.282245
0.282191
0.275897
0.264746
0.249956
0.232587
0.213544
0.193596
0.173376
0.153402
0.134081
0.115725
0.0985627
0.0827474
0.0683718
0.0554755
0.0440555
0.0340743
0.0254679
0.0181523
0.0120295
0.00699311
0.00293217
-0.000265031
-0.00270806
-0.00450209
-0.00574618
-0.00653206
-0.00694331
-0.00705498
-0.00693343
-0.00663649
-0.00621374
-0.00570702
-0.00515095
-0.00457362
-0.00399725
-0.00343888
-0.00291104
-0.00242246
-0.00197861
-0.00158237
-0.00123448
-0.000934016
-0.000678844
-0.000465925
-0.000291638
-0.000152022
-4.29817e-05
3.95575e-05
9.95238e-05
0.000140612
0.00016622
0.000179414
0.000182909
0.000179066
0.000169899
0.000157098
0.000142049
0.000125864
0.000109412
9.33494e-05
7.815e-05
6.41362e-05
5.1505e-05
4.03528e-05
3.0698e-05
2.24997e-05
1.56748e-05
1.01116e-05
5.68113e-06
2.24643e-06
-3.30387e-07
-2.18283e-06
-3.43623e-06
-4.20521e-06
-4.59218e-06
-4.68671e-06
-4.56554e-06
-4.293e-06
-3.92191e-06
-3.49456e-06
-3.04393e-06
-2.59487e-06
-2.16534e-06
-1.76754e-06
-1.40902e-06
-1.09361e-06
-8.2233e-07
-5.94061e-07
-4.06225e-07
-2.55253e-07
-1.36674e-07
-4.63591e-08
1.97077e-08
6.55402e-08
9.49128e-08
1.11262e-07
1.17631e-07
1.16642e-07
1.10497e-07
1.01001e-07
8.95899e-08
7.73689e-08
6.51588e-08
5.35386e-08
4.28882e-08
3.34288e-08
2.52583e-08
1.83832e-08
1.27447e-08
8.2415e-09
4.74681e-09
2.12249e-09
2.2921e-10
-1.0663e-09
-1.88637e-09
-2.3396e-09
-2.51949e-09
-2.50439e-09
-2.35805e-09
-2.13092e-09
-1.86166e-09
-1.57876e-09
-1.30229e-09
-1.04545e-09
-8.16076e-10
-6.17928e-10
-4.51785e-10
-3.16373e-10
-2.09101e-10
-1.26638e-10
-6.53405e-11
-2.15638e-11
8.12738e-12
2.68312e-11
3.72407e-11
4.16218e-11
4.18235e-11
3.9309e-11
3.51989e-11
3.0321e-11
2.52603e-11
2.04069e-11
1.59993e-11
1.21629e-11
8.94102e-12
6.32175e-12
4.25789e-12
2.68269e-12
1.52118e-12
6.98091e-13
1.42932e-13
-2.0699e-13
-4.05185e-13
-4.95692e-13
-5.1354e-13
-4.85645e-13
-4.3195e-13
-3.66622e-13
-2.99212e-13
-2.35716e-13
-1.79492e-13
-1.32022e-13
-9.35274e-14
-6.34387e-14
-4.07511e-14
-2.42722e-14
-1.27904e-14
-5.17855e-15
-4.51191e-16
2.21217e-15
3.46614e-15
3.81229e-15
3.61947e-15
3.14692e-15
2.56736e-15
1.98797e-15
1.46852e-15
1.03613e-15
6.96852e-16
4.44271e-16
2.65655e-16
1.46061e-16
7.08896e-17
2.72969e-17
4.81069e-18
-4.57586e-18
-6.61462e-18
-5.16687e-18
-2.61677e-18
-4.00279e-19
-0
-0
-0
-0
-0
-0
-0
-0
-0
-0
-0
-0
-0
-0
-0
-0
-0
-0
-0
-0
-0
-0
-0
-0
-0
-0
0
-0
-0
-0
-0
-0
-0
-0
-0
-0
-0
-0
-0
-0
-0
-0
-0
-0
-0
-0
-0
-0
-0
-0
-0
-0
-0
-0
-0
-0
-0
-0
0
-0
-0
-0
-0
-0
-0
-0
-0
-0
-0
-0
-0
-0
-0
-0
-0
-0
-0
-0
-0
-0
-0
-0
-0
-0
-0
-0
-0
-0
0
-0
-0
-0
-0
-0
-0
-0
-0
-0
-0
-0
-0
-0
-0
-0
-0
-0
-0
-0
-0
-0
-0
-0
-0
-0
-0
0
-0
-0
-0
-0
-0
-0
-0
-0
-0
-0
-0
-0
-0
-0
-0
-0
-0
-0
-0
-0
-0
-0
-0
-0
-0
-0
0
-0
-0
-0
-0
-0
-0
-0
-0
-0
-0
-0
-0
-0
-0
-0
-0
-0
-0
-0
-0
-0
-0
-0
0
-0
-0
-0
-0
-0
-0
-0
-0
-0
-0
-0
-0
-0
-0
-0
-0
-0
-0
-0
-0
-0
-0
0
-0
-0
-0
-0
-0
-0
-0
-0
-0
-0
-0
-0
-0
-0
-0
-0
-0
-0
-0
-0
-0
0
-0
-0
-0
-0
-0
-0
-0
-0
-0
-0
-0
-0
-0
-0
-0
-0
-0
-0
-0
0
-0
-0
-0
-0
-0
-0
-0
-0
-0
-0
-0
-0
-0
-0
-0
-0
-0
-0
0
-0
-0
-0
-0
-0
-0
-0
-0
-0
-0
-0
-0
-0
-0
-0
-0
-0
0
-0
-0
-0
-0
-0
-0
-0
-0
-0
-0
-0
-0
-0
-0
-0
-0
0
-0
-0
-0
-0
-0
-0
-0
-0
-0
-0
-0
-0
-0
-0
-0
0
-0
-0
-0
-0
-0
-0
-0
-0
-0
-0
-0
-0
-0
-0
0
-0
-0
-0
-0
-0
-0
-0
-0
-0
-0
-0
-0
0
-0
-0
-0
-0
-0
-0
-0
-0
-0
-0
-0
-0
0
-0
-0
-0
-0
-0
-0
-0
-0
-0
-0
0
-0
-0
-0
-0
-0
-0
-0
-0
-0
0
-0
-0
-0
-0
-0
-0
-0
0
-0
-0
-0
-0
-0
-0
0
-0
-0
-0
0
-0
-0
0
-0
0
-0
0
-0
-0
-0
-0
-0
-0
-0
-0
-0
-0
-0
-0
-0
-0
-0
-0
-0
-0
-0
-0
-0
-0
-0
-0
-0
-0
-0
