0
-5.18967
0.064332
0.0917907
0.116577
0.137729
0.154856
0.168123
0.178084
0.185426
0.190719
0.194276
0.196182
0.196492
0.195511
0.194029
0.19341
0.195448
0.202031
0.214703
0.234252
0.260473
0.292161
0.327324
0.363547
0.398373
0.429617
0.455549
0.474954
0.487136
0.491892
0.489518
0.480816
0.467065
0.449916
0.431187
0.412605
0.395574
0.381038
0.369521
0.361297
0.356638
0.355993
0.36001
0.369329
0.384229
0.404226
0.429118
0.458468
0.486552
0.510022
0.526163
0.533325
0.531193
0.520744
0.503909
0.483078
0.460624
0.438562
0.418429
0.401349
0.388185
0.379687
0.376546
0.37934
0.388416
0.403773
0.425017
0.451398
0.481909
0.515379
0.550515
0.585868
0.619774
0.650343
0.675572
0.693627
0.703231
0.704081
0.697108
0.68449
0.669346
0.655179
0.645214
0.641827
0.646223
0.658451
0.677714
0.702837
0.732712
0.766569
0.803974
0.844624
0.88801
0.933142
0.978434
1.02181
1.06101
1.09394
1.119
1.13535
1.1429
1.14227
1.13471
1.12195
1.1061
1.08961
1.07503
1.06486
1.06111
1.06503
1.07679
1.09541
1.11898
1.14505
1.17116
1.19527
1.21607
1.2329
1.2455
1.25356
1.25639
1.25275
1.24103
1.21964
1.18756
1.14483
1.09276
1.03382
0.971303
0.908697
0.849135
0.794955
0.747507
0.70717
0.673531
0.645595
0.621968
0.600967
0.580693
0.559121
0.534247
0.504293
0.467928
0.424409
0.373598
0.315821
0.251633
0.18158
0.106093
0.0255634
-0.0593928
-0.147593
-0.237021
-0.324786
-0.407393
-0.481286
-0.543538
-0.592469
-0.628004
-0.651651
-0.666107
-0.674618
-0.680298
-0.685605
-0.692097
-0.700494
-0.710949
-0.723378
-0.737705
-0.753929
-0.772017
-0.791704
-0.812291
-0.832561
-0.850821
-0.865062
-0.873151
-0.872998
-0.862658
-0.840382
-0.804695
-0.754527
-0.689445
-0.609925
-0.517555
-0.415072
-0.306128
-0.194797
-0.0849282
0.020487
0.119744
0.212514
0.29958
0.38231
0.46207
0.539776
0.615744
0.689859
0.761981
0.832401
0.902145
0.972989
1.04715
1.12677
1.2133
1.30705
1.40697
1.51077
1.61519
1.71643
1.81059
1.89395
1.96317
2.0154
2.04838
2.06056
2.0512
2.02048
1.96944
1.89973
1.81333
1.71206
1.59734
1.46997
1.33029
1.17845
1.01478
0.840045
0.655442
0.462294
0.261524
0.0530835
-0.164463
-0.393999
-0.639505
-0.905375
-1.19558
-1.51291
-1.85854
-2.23198
-2.63138
-3.05406
-3.49705
-3.95753
-4.4329
-4.92076
-5.4187
-5.9241
-6.43408
-6.94557
-7.45559
-7.96139
-8.46074
-8.95193
-9.4338
-9.90564
-10.3672
-10.8187
-11.2607
-11.6946
-12.1219
-12.5442
-12.9625
-13.3771
-13.7863
-14.187
-14.5744
-14.9427
-15.2858
-15.5984
-15.876
-16.1154
-16.3142
-16.4706
-16.5828
-16.6485
-16.6651
-16.6296
-16.5399
-16.3948
-16.1946
-15.941
-15.637
-15.2863
-14.8924
-14.458
-13.985
-13.4739
-12.9246
-12.336
-11.7065
-11.0343
-10.3175
-9.55401
-8.742
-7.87999
-6.96719
-6.00376
-4.99087
-3.93064
-2.82589
-1.67975
-0.495467
0.723688
1.97421
3.25198
4.55184
5.86734
7.19084
8.51398
9.82847
11.127
12.4039
13.6557
14.8807
16.0787
17.2497
18.3935
19.509
20.594
21.6451
22.6588
23.6312
24.5589
25.439
26.2683
27.0436
27.761
28.4154
29.001
29.5114
29.9399
30.28
30.5256
30.6717
30.7142
30.6499
30.4773
30.1961
29.8077
29.3151
28.7228
28.036
27.2602
26.4005
25.461
24.4449
23.3547
22.1923
20.9604
19.6622
18.3017
16.8836
15.4126
13.8926
12.3265
10.7157
9.06104
7.3632
5.62387
3.84663
2.03744
0.204624
-1.64162
-3.48996
-5.32881
-7.14692
-8.93377
-10.6795
-12.3749
-14.0108
-15.5784
-17.0689
-18.4742
-19.7866
-21
-22.1092
-23.1104
-24.0009
-24.7792
-25.4447
-25.9977
-26.4392
-26.7709
-26.995
-27.1133
-27.1273
-27.037
-26.8412
-26.5373
-26.122
-25.5921
-24.9454
-24.1814
-23.3017
-22.3098
-21.2108
-20.0101
-18.7136
-17.3269
-15.8555
-14.3059
-12.686
-11.0061
-9.27883
-7.51922
-5.74375
-3.96925
-2.21172
-0.485427
1.19754
2.82726
4.39555
5.89539
7.32041
8.66457
9.92223
11.0882
12.1583
13.1289
13.9978
14.7632
15.4242
15.9797
16.4289
16.7709
17.0046
17.1287
17.1421
17.043
16.8294
16.499
16.0494
15.4786
14.7861
13.9733
13.0446
12.0073
10.872
9.65131
8.35935
7.0106
5.61929
4.1992
2.76389
1.32738
-0.0953045
-1.48775
-2.83238
-4.11128
-5.30737
-6.40579
-7.39504
-8.26751
-9.01939
-9.64999
-10.1606
-10.5534
-10.8306
-10.9942
-11.0462
-10.9887
-10.8249
-10.5594
-10.198
-9.7476
-9.21573
-8.60957
-7.93571
-7.19978
-6.40656
-5.56027
-4.66504
-3.72526
-2.74605
-1.73344
-0.694665
0.361668
1.42531
2.48422
3.52449
4.53055
5.48565
6.37262
7.17475
7.87665
8.46481
8.92787
9.25642
9.44269
9.48014
9.3635
9.08905
8.65558
8.06546
7.32579
6.44907
5.45327
4.36103
3.19823
1.99223
0.770165
-0.442322
-1.62161
-2.74599
-3.79505
-4.74906
-5.5886
-6.29489
-6.85072
-7.24188
-7.45878
-7.49775
-7.36161
-7.05958
-6.60623
-6.02012
-5.32211
-4.53407
-3.678
-2.77567
-1.84874
-0.919022
-0.00860847
0.860269
1.66582
2.3876
3.00752
3.51087
3.88697
4.12955
4.23679
4.21097
4.05815
3.78764
3.41158
2.94447
2.40262
1.80363
1.16572
0.507103
-0.154502
-0.802248
-1.42028
-1.99371
-2.50858
-2.95197
-3.31233
-3.58021
-3.74906
-3.81624
-3.78351
-3.65724
-3.44773
-3.16813
-2.83283
-2.45591
-2.05001
-1.62582
-1.19238
-0.758013
-0.331446
0.0771895
0.456054
0.792125
1.07255
1.28653
1.42716
1.49277
1.48732
1.4196
1.30159
1.14622
0.965341
0.768217
0.561188
0.348329
0.132923
-0.0807999
-0.286306
-0.474265
-0.633186
-0.751077
-0.81769
-0.826743
-0.777455
-0.674954
-0.529395
-0.354022
-0.162676
0.0325746
0.223063
0.404026
0.573914
0.732803
0.880456
1.01467
1.13048
1.2204
1.27583
1.28907
1.25547
1.17507
1.05325
0.900159
0.729147
0.554442
0.388819
0.241751
0.118479
0.0201871
-0.0549049
-0.109892
-0.14752
-0.169006
-0.173666
-0.159438
-0.124109
-0.066851
0.0104343
0.102387
0.200358
0.293485
0.370467
0.421606
0.440628
0.425864
0.380489
0.311792
0.229662
0.144652
0.0660707
0.000524009
-0.0488086
-0.0820735
-0.101923
-0.112249
-0.116834
-0.118255
-0.117313
-0.113078
-0.103489
-0.0863189
-0.0602028
-0.0254568
0.0155421
0.0585176
0.097965
0.128173
0.144365
0.143689
0.125854
0.0932632
0.0506238
0.00413374
-0.0395948
-0.0746488
-0.0967548
-0.10388
-0.0964057
-0.076874
-0.0493891
-0.0188098
0.0101016
0.0334225
0.0485866
0.0546117
0.0520377
0.0426217
0.0288787
0.0135659
-0.000790473
-0.0122546
-0.0196833
-0.0227639
-0.0219098
-0.0180565
-0.0124103
-0.0061938
-0.000473998
0.00398414
0.00678527
0.00788632
0.0075244
0.00611364
0.00413565
0.0020442
0.000197186
-0.00117864
-0.00199194
-0.00226697
-0.00210913
-0.00166569
-0.00108968
-0.000512607
-2.83441e-05
0.000312031
0.000496511
0.000542737
0.000486162
0.000368603
0.000229104
9.80664e-05
-5.30196e-06
-7.27627e-05
-0.000104951
-0.000108372
-9.23218e-05
-6.6317e-05
-3.83355e-05
-1.39242e-05
3.95121e-06
1.45363e-05
1.86433e-05
1.79455e-05
1.43632e-05
9.62433e-06
5.01865e-06
1.32384e-06
-1.14591e-06
-2.42245e-06
-2.74531e-06
-2.43659e-06
-1.80825e-06
-1.10712e-06
-4.93985e-07
-4.74048e-08
2.18054e-07
3.28485e-07
3.28838e-07
2.66332e-07
1.80265e-07
9.76397e-08
3.30712e-08
-8.78613e-09
-2.98437e-08
-3.53196e-08
-3.12235e-08
-2.27817e-08
-1.37202e-08
-6.17716e-09
-9.85416e-10
1.89985e-09
2.98415e-09
2.91125e-09
2.26107e-09
1.45599e-09
7.45541e-10
2.359e-10
-6.32858e-11
-1.93494e-10
-2.12722e-10
-1.74231e-10
-1.1692e-10
-6.37912e-11
-2.48409e-11
-1.49193e-12
9.25105e-12
1.17589e-11
1e-11
6.79776e-12
3.76314e-12
1.5615e-12
2.70287e-13
-3.11181e-13
-4.5232e-13
-3.81233e-13
-2.47755e-13
-1.28579e-13
-4.93781e-14
-8.19735e-15
7.13027e-15
9.01346e-15
6.10013e-15
2.88932e-15
9.06271e-16
1.22507e-16
-2.31577e-18
-0
-0
-0
-0
-0
-0
-0
-0
-0
-0
-0
-0
-0
0
-0
-0
-0
-0
-0
-0
-0
-0
-0
-0
-0
-0
-0
0
-0
-0
-0
-0
-0
-0
-0
-0
-0
-0
-0
-0
-0
0
-0
-0
-0
-0
-0
-0
-0
-0
-0
-0
-0
-0
0
-0
-0
-0
-0
-0
-0
-0
-0
-0
-0
-0
-0
0
-0
-0
-0
-0
-0
-0
-0
-0
-0
-0
-0
-0
0
-0
-0
-0
-0
-0
-0
-0
-0
-0
-0
-0
0
-0
-0
-0
-0
-0
-0
-0
-0
-0
-0
0
-0
-0
-0
-0
-0
-0
-0
-0
-0
-0
0
-0
-0
-0
-0
-0
-0
-0
-0
-0
-0
0
-0
-0
-0
-0
-0
-0
-0
-0
-0
0
-0
-0
-0
-0
-0
-0
-0
-0
0
-0
-0
-0
-0
-0
-0
-0
0
-0
-0
-0
-0
-0
-0
0
-0
-0
-0
-0
-0
-0
0
-0
-0
-0
-0
0
-0
-0
-0
-0
0
-0
-0
-0
0
-0
-0
0
-0
0
-0
0
-0
0
-0
0
-0
0
-0
0
-0
-0
-0
-0
-0
-0
-0
-0
-0
-0
-0
-0
-0
-0
-0
-0
-0
-0
-0
-0
-0
-0
-0
-0
-0
